# ----- Rotor performance tables for the Optimus Shakti Turbine -----
# ------------ Written on Nov-12-24 using values from QBlade --------

# Pitch angle vector, 71 entries - x axis (matrix columns) (deg)
-5.000000	-4.500000	-4.000000	-3.500000	-3.000000	-2.500000	-2.000000	-1.500000	-1.000000	-0.500000	0.000000	0.500000	1.000000	1.500000	2.000000	2.500000	3.000000	3.500000	4.000000	4.500000	5.000000	5.500000	6.000000	6.500000	7.000000	7.500000	8.000000	8.500000	9.000000	9.500000	10.000000	10.500000	11.000000	11.500000	12.000000	12.500000	13.000000	13.500000	14.000000	14.500000	15.000000	15.500000	16.000000	16.500000	17.000000	17.500000	18.000000	18.500000	19.000000	19.500000	20.000000	20.500000	21.000000	21.500000	22.000000	22.500000	23.000000	23.500000	24.000000	24.500000	25.000000	25.500000	26.000000	26.500000	27.000000	27.500000	28.000000	28.500000	29.000000	29.500000	30.000000	
# TSR vector, 71 entries - y axis (matrix rows) (-)
3.965982	4.957478	5.948973	6.940469	7.931964	8.923460	9.914955	10.906450	11.897950	12.889440	13.880940	14.872430	15.863930	
# Wind speed vector - z axis (m/s)
9.400000	

# Power coefficient

0.0778073	0.1468779	0.1712758	0.1270431	0.03995172	-0.0760399	0.2070705	0.2481742	0.173813	0.03236313	-0.1487194	0.2441045	0.3350589	0.242331	0.05071096	-0.2132617	-0.4535512	0.4179831	0.3328845	0.1059141	-0.2381599	-0.5922925	0.4556483	0.4332172	0.2017989	-0.2042313	-0.6643999	-1.136447	0.4940869	0.3270441	-0.1059526	-0.7098213	-1.342136	0.4250745	0.4514331	0.06592049	-0.6882201	-1.470234	-2.350696	0.4808791	0.2615239	-0.4918816	-1.389853	-2.604394	0.3689828	0.4309043	-0.2064023	-1.323288	-2.711286	-4.266298	0.4391094	0.1230855	-1.118119	-2.518048	-4.51819	0.2792538	0.3742853	-0.6680382	-2.181852	-4.521919	-7.088961	0.3874211	-0.127169	-1.951123	-4.206794	-7.259302	0.1718666	0.2705939	-1.318983	-3.497157	-7.082831
0.0841804	0.1511435	0.1700974	0.1215819	0.03175013	-0.08463538	0.2145575	0.2461973	0.1649992	0.01888304	-0.1619657	0.2573296	0.333097	0.2301531	0.0321027	-0.2324212	-0.4661456	0.418023	0.3190359	0.08492541	-0.2701349	-0.6201493	0.4623774	0.4213938	0.1773397	-0.2404359	-0.7072928	-1.172354	0.4941304	0.3030234	-0.1501998	-0.7487382	-1.390287	0.4381501	0.4342647	0.02398269	-0.7491308	-1.543862	-2.425374	0.4875697	0.2230464	-0.5668252	-1.470577	-2.694818	0.3867001	0.4068435	-0.2932151	-1.391277	-2.827687	-4.392575	0.4503522	0.05905899	-1.240342	-2.686213	-4.675872	0.3061839	0.3386866	-0.7870441	-2.319299	-4.709617	-0.01837951	0.4005749	-0.2367745	-2.064945	-4.458835	-7.508707	0.210555	0.2140333	-1.499751	-3.704425	-7.374219
0.09015031	0.1551366	0.1685811	0.1159553	0.02326458	-0.09315936	0.2216357	0.2434637	0.1558778	0.005549435	-0.1747681	0.2699474	0.330226	0.2174565	0.01315805	-0.2505365	-0.477582	0.4166949	0.3044217	0.0630529	-0.3013659	-0.6451469	0.4668798	0.4083333	0.1516642	-0.2798768	-0.7513669	-1.208574	0.4904748	0.2777143	-0.1945518	-0.7899699	-1.440475	0.4515729	0.4148306	-0.02206313	-0.8027548	-1.611783	-2.491983	0.4900991	0.1817294	-0.6451995	-1.578251	-2.785199	0.4030707	0.3783874	-0.3739683	-1.46316	-2.929019	0.1912152	0.4573244	-0.009124598	-1.343961	-2.862177	-4.822409	0.3308042	0.2959451	-0.9055411	-2.471731	-4.89945	0.03688908	0.4072795	-0.3603062	-2.177918	-4.686095	-7.758952	0.2454512	0.1460131	-1.686196	-3.910277	-7.667969
0.09597196	0.1588184	0.1666941	0.1099643	0.01483531	-0.1010938	0.2282319	0.2401028	0.1465106	-0.007701402	-0.1873703	0.281991	0.326472	0.2043186	-0.006082194	-0.2690028	-0.4914424	0.4145847	0.2891738	0.03899984	-0.3283888	-0.6676455	0.4702371	0.3943428	0.1244254	-0.3219922	-0.7945743	-1.244842	0.4851448	0.2511605	-0.2402538	-0.8335786	-1.49121	0.4640794	0.3932282	-0.07710151	-0.8470488	-1.67766	0.3353321	0.4874561	0.1356519	-0.7295458	-1.681211	-2.87845	0.4180041	0.3461138	-0.4570611	-1.540361	-3.048647	0.2269843	0.4592753	-0.08260655	-1.436027	-3.018423	-4.982591	0.3531121	0.2462534	-1.032899	-2.612833	-5.091816	0.08633821	0.4071945	-0.49936	-2.285504	-4.931755	-8.009601	0.2767621	0.06482609	-1.877249	-4.171666	-7.96597
0.1016447	0.1621432	0.1644371	0.1038549	0.006395352	-0.1090267	0.2342481	0.2358914	0.1366834	-0.02093958	-0.2006529	0.2934282	0.3220959	0.190746	-0.02451119	-0.2870605	-0.5059088	0.4116095	0.2733261	0.01228822	-0.3534234	-0.6868224	0.4722853	0.3789815	0.09649789	-0.3645553	-0.8354299	0.425789	0.4769797	0.2232165	-0.2864303	-0.8719282	-1.542348	0.4757245	0.3694973	-0.135306	-0.89137	-1.73702	0.3539397	0.4802617	0.08719848	-0.8176476	-1.784346	-2.972141	0.4317982	0.3102818	-0.5437437	-1.627846	-3.167097	0.2601302	0.453606	-0.1660858	-1.517002	-3.17546	-5.155782	0.3733155	0.1901372	-1.168814	-2.768418	-5.285379	0.131157	0.3990858	-0.6373783	-2.404396	-5.151353	-8.26123	0.3043493	-0.02617239	-2.055493	-4.473967	-8.26465
0.1071816	0.1649707	0.1617373	0.09769552	-0.002204637	-0.1178053	0.239549	0.2309537	0.1266281	-0.03397389	-0.2143439	0.3043198	0.3164708	0.1767923	-0.04316928	-0.3052129	0.3270926	0.4080549	0.2569403	-0.01463603	-0.3770616	-0.7049195	0.4725378	0.3626717	0.0689716	-0.4064438	-0.8739566	0.4341725	0.466903	0.1939758	-0.3341568	-0.9287581	-1.593608	0.48454	0.3437955	-0.1913659	-0.9392019	-1.798122	0.3723635	0.4690391	0.0377598	-0.8976082	-1.884445	-3.066654	0.4444309	0.2707043	-0.6298808	-1.724593	-3.285476	0.2895853	0.4402076	-0.2657596	-1.591438	-3.330173	-5.30478	0.3914598	0.1252118	-1.316119	-2.975199	-5.480079	0.1722264	0.3792633	-0.7644022	-2.528159	-5.364238	-8.513719	0.3280382	-0.1359525	-2.208396	-4.782657	-8.565497
0.1125808	0.1673465	0.1585389	0.09126919	-0.010917	0.1476089	0.2441521	0.2251787	0.1160315	-0.04758611	-0.2278957	0.3147171	0.3101257	0.1624907	-0.06250575	-0.3237632	0.3457809	0.4032545	0.2399882	-0.04097941	-0.4002882	-0.7260057	0.4716618	0.3460438	0.04052479	-0.4438307	-0.9084009	0.4426223	0.4553802	0.1631184	-0.3847753	-0.9907653	-1.644909	0.4921859	0.3161962	-0.2464109	-0.9888602	-1.866954	0.3911951	0.4540839	-0.01432067	-0.966457	-1.983125	-3.16203	0.4558571	0.2273834	-0.7217494	-1.820546	-3.404398	0.3147727	0.4198283	-0.3696665	-1.671811	-3.470784	-5.46679	0.4075817	0.05410806	-1.457998	-3.183128	-5.677476	0.2097311	0.3488528	-0.8994567	-2.68457	-5.592674	-8.765895	0.3478384	-0.2592215	-2.353109	-5.094162	-8.864294
0.1179471	0.1692165	0.1549511	0.08453277	-0.01982295	0.1568924	0.2480614	0.2189895	0.1050347	-0.06160893	-0.2415334	0.3240595	0.3024256	0.1477539	-0.08231161	-0.3437048	0.3643128	0.3974209	0.2226769	-0.06726329	-0.4250214	-0.7487816	0.4699929	0.3280538	0.007514523	-0.4774299	-0.9406473	0.451191	0.4414543	0.1298995	-0.4386721	-1.050686	-1.696275	0.4978175	0.2866653	-0.3028751	-1.04083	-1.936293	0.4103553	0.4356628	-0.07225956	-1.024619	-2.073974	-3.25802	0.4661768	0.1800912	-0.8169074	-1.955118	-3.52456	0.33798	0.3934123	-0.4678341	-1.757577	-3.607949	-5.630178	0.4215437	-0.0235479	-1.58023	-3.394291	-5.87516	0.2440661	0.3085589	-1.036238	-2.872171	-5.826711	-0.151986	0.3640482	-0.3892694	-2.499034	-5.408434	-9.165503
0.1232145	0.1707749	0.1509966	0.07777409	-0.02895294	0.1657816	0.2500542	0.2125737	0.09380011	-0.07607277	-0.2543827	0.3298578	0.2943269	0.1325179	-0.1026376	-0.3649882	0.3829029	0.3898503	0.2046458	-0.09360461	-0.4496545	-0.7717503	0.4674774	0.30907	-0.02832059	-0.5078395	-0.9690794	0.4599308	0.4260914	0.09544585	-0.4940312	-1.107142	-1.747083	0.4981607	0.2552093	-0.3613067	-1.093361	-2.005961	0.4263064	0.413858	-0.1421364	-1.076385	-2.162617	-3.354434	0.4736227	0.1268067	-0.9206522	-2.088446	-3.645134	0.3590425	0.361616	-0.5649549	-1.849021	-3.755876	0.0956156	0.4318241	-0.1089413	-1.686416	-3.600459	-6.074151	0.2751615	0.2589598	-1.181262	-3.046022	-6.06221	-0.08549718	0.3736309	-0.5435154	-2.630962	-5.717914	-9.439388
0.1282972	0.1720054	0.1468086	0.07072996	-0.03809313	0.1743701	0.2509202	0.2053711	0.08237997	-0.09077233	-0.2659692	0.3328686	0.2851633	0.116775	-0.1239121	-0.385289	0.3977765	0.3803656	0.1860847	-0.1205809	-0.4734816	-0.7950709	0.4641153	0.2897147	-0.06341854	-0.5368365	-0.9977812	0.4693794	0.4098182	0.06135078	-0.5475458	-1.162295	-1.798351	0.494849	0.2219502	-0.4197306	-1.151098	-2.076016	0.4389899	0.3889945	-0.2142044	-1.130813	-2.243234	0.2706971	0.4769572	0.07048783	-1.027477	-2.222798	-3.76736	0.3782276	0.324682	-0.6669269	-1.964684	-3.90431	0.1406658	0.4361193	-0.2045171	-1.790228	-3.804789	-6.274086	0.3032452	0.2011443	-1.340986	-3.218964	-6.297022	-0.02511533	0.3749092	-0.7025629	-2.747531	-6.005579	-9.744595
0.1331764	0.1726463	0.1423261	0.06335115	-0.04761012	0.1827102	0.2510172	0.197943	0.07056509	-0.1056778	-0.2764886	0.3348874	0.2754766	0.1006423	-0.1464407	-0.404473	0.4061471	0.3699665	0.1676471	-0.1479464	-0.5023894	-0.818742	0.4594343	0.2689253	-0.09788163	-0.5676704	-1.031372	0.4784642	0.39126	0.0261308	-0.5955749	-1.212733	0.3856314	0.4882769	0.1867788	-0.482443	-1.235634	-2.145969	0.450777	0.3612618	-0.2814785	-1.189823	-2.327698	0.2971417	0.4740736	0.01197134	-1.115125	-2.352563	-3.890754	0.3957695	0.2825239	-0.7693965	-2.087054	-4.053757	0.1814279	0.4341832	-0.3186589	-1.879295	-3.997716	-6.473331	0.3285558	0.1332092	-1.504203	-3.437613	-6.542582	0.03066178	0.3681379	-0.8500597	-2.890276	-6.26587	-10.05416
0.1378846	0.1726357	0.1375554	0.0557524	-0.05715634	0.1910109	0.2505662	0.1903612	0.05824937	-0.1207533	-0.2856299	0.3359768	0.2650114	0.08448385	-0.169446	-0.4225439	0.4120771	0.3584085	0.1476989	-0.1760576	-0.5334843	0.4348776	0.4526225	0.2480309	-0.1324286	-0.6004746	-1.066097	0.4857659	0.3712552	-0.01480315	-0.6367266	-1.261075	0.3982587	0.4786823	0.1484165	-0.5491046	-1.316213	-2.21537	0.4617229	0.3306055	-0.3493702	-1.252209	-2.419873	0.3235033	0.4650363	-0.05063628	-1.195089	-2.48078	-4.015536	0.4117545	0.2352411	-0.8785382	-2.196851	-4.206775	0.2170686	0.4228853	-0.4404415	-1.967316	-4.183549	-6.67748	0.3511342	0.05618871	-1.672681	-3.69193	-6.787341	0.08197048	0.3490926	-1.001639	-3.06088	-6.508413	-10.39002
0.1424303	0.1721496	0.132406	0.04789972	-0.06670415	0.1991891	0.2496026	0.1821848	0.04551632	-0.1352853	0.2302152	0.3360789	0.2540511	0.06814846	-0.1923003	-0.4390832	0.4161671	0.3460239	0.1269144	-0.2064671	-0.5634034	0.4468008	0.4436063	0.2253576	-0.1679962	-0.6325899	-1.100886	0.4910886	0.3498128	-0.06037536	-0.6732237	-1.300804	0.4113935	0.4663087	0.1076101	-0.6190987	-1.394786	-2.281337	0.4717243	0.2973517	-0.4202607	-1.317868	-2.51248	0.3478575	0.4504752	-0.1212903	-1.262864	-2.60113	-4.140884	0.4261754	0.1829146	-0.9932562	-2.350644	-4.362208	0.2496129	0.4026166	-0.5570219	-2.069074	-4.357042	-6.883342	0.3707806	-0.02891093	-1.822694	-3.95028	-7.033451	0.1290527	0.3161954	-1.158019	-3.274234	-6.794463	-10.66959


#  Thrust coefficient

0.2514841	0.2451299	0.217529	0.1477484	0.04925254	-0.06643295	0.3587313	0.3161249	0.200289	0.04434362	-0.1312178	0.4994513	0.448448	0.2843964	0.06741406	-0.1866203	-0.3132888	0.6195418	0.4104682	0.1305384	-0.2054806	-0.4400168	0.8254247	0.5865093	0.2439691	-0.1692898	-0.5558419	-0.5165673	0.8050685	0.4144796	-0.06483016	-0.6017788	-0.6915804	1.039668	0.6445752	0.1160775	-0.5728002	-0.9156973	-0.7671379	0.9059141	0.352694	-0.4062147	-1.074697	-0.9899853	1.209503	0.6510475	-0.1200577	-1.065033	-1.28182	-1.062021	0.9645097	0.227805	-0.8861567	-1.552389	-1.318335	1.34461	0.6134545	-0.5081218	-1.617588	-1.653397	-1.426514	0.996159	0.02241593	-1.464401	-2.052746	-1.705067	1.457994	0.5277811	-1.013251	-2.222095	-2.083008
0.2518982	0.243863	0.2139238	0.140915	0.04067771	-0.07453399	0.3564155	0.3101031	0.1893944	0.0305931	-0.1436606	0.4966684	0.4398714	0.2687107	0.04861188	-0.2041687	-0.3088399	0.6088536	0.3899883	0.1087958	-0.2338153	-0.44149	0.8143988	0.5619673	0.215547	-0.2031022	-0.5702466	-0.5104787	0.7801147	0.3808683	-0.1078317	-0.6312614	-0.6819403	1.013868	0.6070219	0.0735289	-0.621753	-0.9117713	-0.7562504	0.8718489	0.3040479	-0.4713523	-1.097992	-0.9753184	1.165492	0.5999271	-0.2018341	-1.112253	-1.250538	-1.053862	0.9199535	0.1590268	-0.9830614	-1.554302	-1.301432	1.285467	0.5460299	-0.6175423	-1.670678	-1.627706	1.791761	0.9387997	-0.08272979	-1.557521	-2.04547	-1.687929	1.382653	0.4400941	-1.140352	-2.276886	-2.051701
0.2519275	0.2423501	0.2100093	0.1340021	0.03187123	-0.08264685	0.3538314	0.3033498	0.1783579	0.01705429	-0.1557467	0.4933462	0.4303366	0.2527485	0.02957828	-0.2207915	-0.3037378	0.5968574	0.3691421	0.08626087	-0.2616459	-0.4394347	0.8011914	0.5368938	0.186731	-0.2385932	-0.5781828	-0.5046156	0.7535235	0.3469435	-0.1510543	-0.661352	-0.6741701	0.9877023	0.5688666	0.02801877	-0.6668732	-0.9011874	-0.7480008	0.8361109	0.2546345	-0.5365335	-1.1085	-0.9603367	1.122258	0.5473719	-0.2786752	-1.156423	-1.226714	1.513215	0.8742035	0.08925796	-1.062739	-1.550275	-1.28766	1.227596	0.4765308	-0.7196848	-1.728175	-1.602899	1.720629	0.8797414	-0.1980585	-1.62816	-2.030087	-1.673079	1.309059	0.3488932	-1.271019	-2.303181	-2.021874
0.2518105	0.2406357	0.20575	0.126795	0.02316528	-0.08997531	0.3510948	0.2960603	0.1672212	0.003676218	-0.1673245	0.4897001	0.4199282	0.2366024	0.01021218	-0.2377071	-0.2993982	0.5842058	0.348057	0.06183687	-0.285545	-0.4347132	0.7870148	0.5116779	0.1572737	-0.2767587	-0.5826765	-0.4987235	0.7268592	0.3127671	-0.1945726	-0.6919547	-0.6663258	0.9611232	0.5301878	-0.02564118	-0.7058098	-0.8876812	1.246535	0.7982054	0.2034038	-0.6033458	-1.111572	-0.9468704	1.079768	0.493793	-0.3557966	-1.202811	-1.211008	1.462196	0.826822	0.01699269	-1.131612	-1.546286	-1.273483	1.171047	0.4050278	-0.8213993	-1.766581	-1.579502	1.648852	0.8187975	-0.3270129	-1.697425	-2.002868	-1.660495	1.237341	0.2535432	-1.391486	-2.319302	-1.995306
0.2515698	0.238687	0.2012154	0.1195553	0.01450436	-0.09649265	0.3482438	0.2880572	0.155798	-0.009601134	-0.1775335	0.4860347	0.40892	0.220254	-0.007988496	-0.2537459	-0.2963253	0.5706362	0.3267647	0.03500833	-0.3077619	-0.426418	0.7717834	0.4856387	0.1278371	-0.3134272	-0.5839066	0.990508	0.6978942	0.2782625	-0.2377786	-0.7156109	-0.6586426	0.9350657	0.4909667	-0.08179084	-0.74556	-0.8673217	1.214042	0.7584565	0.1517263	-0.6701303	-1.112637	-0.9338999	1.038193	0.4393547	-0.4346708	-1.244346	-1.19409	1.410524	0.776417	-0.06287605	-1.192939	-1.531125	-1.259058	1.115888	0.3317361	-0.9199972	-1.78952	-1.556534	1.577542	0.755305	-0.4520632	-1.764493	-1.955972	-1.651222	1.167533	0.1552873	-1.509194	-2.32608	-1.970052
0.2512046	0.2365839	0.1963098	0.1123405	0.005748148	-0.1030404	0.3455189	0.2795441	0.1443069	-0.02261046	-0.1864233	0.4827893	0.3968884	0.2037587	-0.02642079	-0.2690288	0.647544	0.5565153	0.3053871	0.008074901	-0.3291034	-0.4169656	0.7548488	0.4593997	0.09934783	-0.3490516	-0.5820921	0.9711285	0.6685455	0.2434747	-0.2811603	-0.7316717	-0.6507563	0.9068769	0.4512744	-0.1357814	-0.7800139	-0.8491777	1.181118	0.717196	0.1007895	-0.7319307	-1.10941	-0.9219391	0.9976034	0.3840712	-0.5154286	-1.283977	-1.176161	1.35846	0.722919	-0.1570985	-1.250736	-1.511122	-1.249512	1.062098	0.2555913	-1.020786	-1.798425	-1.534753	1.507383	0.6869361	-0.5690222	-1.837461	-1.907047	-1.643486	1.099519	0.04464261	-1.631339	-2.327363	-1.948101
0.2507527	0.2344223	0.1910004	0.1049486	-0.003096091	0.368975	0.3431728	0.2704533	0.1324632	-0.03607153	-0.1938148	0.4803691	0.3845498	0.1871785	-0.04570742	-0.2824024	0.6438959	0.5409799	0.2838598	-0.01815326	-0.3497591	-0.4103469	0.7367391	0.4337858	0.07046064	-0.3808922	-0.5761473	0.9513899	0.6390885	0.2082057	-0.3254582	-0.7392676	-0.6428772	0.8786575	0.4111703	-0.1890868	-0.8138496	-0.8389727	1.147362	0.6747545	0.04874289	-0.7881256	-1.103902	-0.9107589	0.9579133	0.3278345	-0.5922256	-1.309859	-1.158701	1.30582	0.6667531	-0.2542007	-1.303005	-1.478147	-1.240416	1.009601	0.177942	-1.13063	-1.800671	-1.515231	1.43839	0.6146277	-0.6922353	-1.890784	-1.87507	-1.638163	1.033291	-0.07461607	-1.720659	-2.325924	-1.927976
0.250347	0.2322239	0.1854408	0.09735275	-0.0120534	0.3680231	0.341346	0.2611412	0.1203993	-0.04980939	-0.2000027	0.4790005	0.3713378	0.1704202	-0.06511559	-0.2933786	0.6419132	0.5246616	0.2624362	-0.04415342	-0.3700655	-0.4053712	0.7177333	0.4072911	0.03746007	-0.4097402	-0.5676502	0.9317015	0.6080199	0.1720066	-0.3734832	-0.7426127	-0.6350033	0.8508597	0.3705728	-0.242391	-0.8474918	-0.8290385	1.114602	0.6312342	-0.007592808	-0.8411931	-1.090717	-0.9008163	0.9190358	0.270492	-0.6684654	-1.320251	-1.141706	1.253858	0.6085708	-0.3458786	-1.358617	-1.44373	-1.233872	0.9584644	0.0979411	-1.222391	-1.799906	-1.497324	1.370626	0.5390041	-0.8084348	-1.951921	-1.846278	1.938354	0.9688477	-0.1973993	-1.80556	-2.316353	-1.909276
0.2498584	0.2301906	0.1796427	0.08980024	-0.02114185	0.366713	0.338859	0.2517453	0.1082722	-0.06374168	-0.2047638	0.4766864	0.3580735	0.1534626	-0.08482352	-0.3021922	0.6423284	0.507313	0.2406122	-0.07025834	-0.3897224	-0.4003859	0.6979851	0.3804044	0.001956447	-0.4368101	-0.5549763	0.9120826	0.5767413	0.135614	-0.4195736	-0.7418998	-0.6267769	0.8194588	0.3295166	-0.2964245	-0.8786579	-0.8188291	1.079421	0.5866612	-0.07489055	-0.8845413	-1.073955	-0.8917172	0.8795235	0.2109747	-0.7456113	-1.322904	-1.12532	1.202776	0.5487818	-0.4360852	-1.40532	-1.420657	1.650274	0.9073651	0.01384535	-1.297989	-1.793597	-1.480232	1.304219	0.4605224	-0.9237778	-2.0014	-1.817889	1.855983	0.9033913	-0.3387042	-1.885527	-2.292288	-1.895166
0.2492043	0.2283924	0.1736959	0.08206341	-0.03012603	0.3652548	0.3353998	0.2417291	0.09613162	-0.07745843	-0.2078631	0.4728687	0.344016	0.136315	-0.1050608	-0.3088143	0.6417535	0.4888755	0.218687	-0.09656306	-0.4066747	-0.3954347	0.6772456	0.3542424	-0.03266913	-0.46258	-0.5427962	0.8923559	0.5461226	0.1003975	-0.463238	-0.7392967	-0.6188303	0.7865955	0.2881475	-0.3523903	-0.9014981	-0.8087963	1.04343	0.5413076	-0.1435412	-0.925914	-1.049051	1.379673	0.8385842	0.1509002	-0.8239029	-1.323726	-1.110132	1.152753	0.4875668	-0.531454	-1.456027	-1.398516	1.589399	0.8544851	-0.07750819	-1.373263	-1.781549	-1.465016	1.239352	0.3796731	-1.036862	-2.03537	-1.789743	1.773911	0.8356472	-0.4805257	-1.973337	-2.252553	-1.883425
0.2483205	0.2264566	0.1675564	0.07408701	-0.03936873	0.3637033	0.331265	0.2316102	0.08372844	-0.09129766	-0.2094572	0.4680955	0.3296913	0.1191085	-0.1259117	-0.3129628	0.6391017	0.4700651	0.1976188	-0.1227864	-0.4200622	-0.3906415	0.655871	0.3268195	-0.06652591	-0.4872572	-0.5354856	0.8723344	0.5137252	0.06482039	-0.502978	-0.7319872	1.115585	0.75251	0.246302	-0.4062899	-0.9126197	-0.7983478	1.008045	0.4952256	-0.2081114	-0.9643679	-1.028529	1.338515	0.7950392	0.09098563	-0.8995116	-1.319867	-1.096266	1.103918	0.4249999	-0.6213538	-1.503243	-1.376478	1.528142	0.7996541	-0.1846324	-1.435632	-1.758408	-1.450644	1.176169	0.2956644	-1.155313	-2.051244	-1.765708	1.693112	0.7660096	-0.6155029	-2.036228	-2.19517	-1.874357
0.2473703	0.2238879	0.1611923	0.06594665	-0.0485284	0.3621636	0.3266602	0.2214662	0.0709431	-0.1051601	-0.2094206	0.4625319	0.314903	0.1021406	-0.1469148	-0.3152864	0.634775	0.4505322	0.1752148	-0.1493039	-0.4300279	0.839437	0.6335751	0.3002499	-0.1004732	-0.5124307	-0.5292078	0.8512279	0.4809565	0.02427228	-0.5380855	-0.7224962	1.089678	0.7173918	0.2032572	-0.4619588	-0.9166514	-0.7874195	0.9733755	0.4482959	-0.2724319	-1.002596	-1.015903	1.296104	0.7489433	0.02907649	-0.9618987	-1.314572	-1.083625	1.056329	0.3610734	-0.7100446	-1.533441	-1.35584	1.466192	0.7408946	-0.2975453	-1.503443	-1.725896	-1.439839	1.11461	0.209125	-1.268251	-2.056282	-1.742576	1.613426	0.691702	-0.753332	-2.105914	-2.150846	-1.865687
0.2462994	0.2208705	0.1545469	0.05762118	-0.05760178	0.3605589	0.3216231	0.2109103	0.05782303	-0.1186654	0.5015163	0.4560457	0.2999004	0.08526283	-0.1675715	-0.3155899	0.6284196	0.4306529	0.1525692	-0.1770821	-0.4362724	0.8340099	0.6103806	0.272203	-0.1349024	-0.5363843	-0.5227305	0.8285083	0.4478484	-0.02044838	-0.5703945	-0.7079151	1.064126	0.6813952	0.1594796	-0.5185134	-0.9177962	-0.777977	0.9393543	0.4007557	-0.3376608	-1.040767	-1.003392	1.253098	0.7007768	-0.03887499	-1.016396	-1.299082	-1.072341	1.009866	0.2957512	-0.7972056	-1.547876	-1.336638	1.404892	0.6786043	-0.4050598	-1.558316	-1.68354	-1.432589	1.054602	0.1199136	-1.374233	-2.056783	-1.720999	1.534981	0.6119402	-0.8851247	-2.171571	-2.116077	-1.864073


#  Thrust coefficient

0.01961867	0.03703443	0.04318622	0.03203319	0.0100736	-0.01917303	0.04176933	0.05006058	0.03506078	0.006528145	-0.029999	0.04103305	0.05632214	0.04073492	0.008524321	-0.03584848	-0.07624025	0.06022405	0.04796282	0.01526036	-0.03431466	-0.08533897	0.05744457	0.05461663	0.02544122	-0.02574788	-0.08376234	-0.1432743	0.05536943	0.03664992	-0.01187349	-0.07954552	-0.1504053	0.04287205	0.04553052	0.006648592	-0.06941233	-0.1482844	-0.2370858	0.04409125	0.02397882	-0.04510006	-0.1274341	-0.2387939	0.03101231	0.03621669	-0.01734773	-0.1112199	-0.2278785	-0.3585743	0.03406737	0.009549327	-0.08674685	-0.1953574	-0.3505342	0.02011779	0.02696398	-0.0481263	-0.1571833	-0.3257647	-0.5106975	0.02604961	-0.008550649	-0.1311906	-0.2828585	-0.4881045	0.0108338	0.01705718	-0.08314355	-0.2204471	-0.446474
0.02122561	0.03810997	0.04288909	0.03065618	0.008005615	-0.02134033	0.04327957	0.0496618	0.03328289	0.003809002	-0.03267099	0.04325613	0.05599235	0.03868787	0.005396343	-0.03906913	-0.07835732	0.06022979	0.04596749	0.01223626	-0.03892171	-0.08935265	0.05829293	0.05312604	0.0223576	-0.03031228	-0.08916993	-0.1478013	0.05537431	0.03395807	-0.01683202	-0.08390671	-0.1558013	0.04419083	0.04379896	0.00241884	-0.07555564	-0.1557104	-0.2446178	0.04470471	0.02045087	-0.05197155	-0.1348355	-0.2470848	0.03250141	0.03419443	-0.02464418	-0.1169342	-0.2376618	-0.3691877	0.03493962	0.004581966	-0.09622929	-0.2084041	-0.3627676	0.02205787	0.0243994	-0.05669964	-0.1670852	-0.3392867	-0.00123581	0.02693405	-0.01592036	-0.1388438	-0.2998053	-0.5048741	0.01327257	0.01349182	-0.09453844	-0.2335125	-0.4648419
0.02273089	0.03911682	0.04250678	0.02923747	0.005866033	-0.02348961	0.04470734	0.04911039	0.03144296	0.001119407	-0.03525343	0.04537715	0.05550974	0.03655362	0.002211819	-0.04211424	-0.08027974	0.06003843	0.04386183	0.009084818	-0.04342154	-0.09295437	0.05886054	0.05147947	0.01912064	-0.03528468	-0.09472645	-0.1523676	0.05496465	0.03112181	-0.02180228	-0.08852731	-0.1614257	0.04554462	0.04183887	-0.002225237	-0.08096403	-0.1625608	-0.2513357	0.04493662	0.01666256	-0.0591576	-0.144708	-0.2553717	0.03387734	0.03180275	-0.03143133	-0.1229759	-0.2461786	0.01483502	0.03548054	-0.0007079126	-0.1042683	-0.222056	-0.3741364	0.02383154	0.02132025	-0.0652363	-0.1780666	-0.3529625	0.002480366	0.02738486	-0.02422644	-0.1464399	-0.3150859	-0.5217003	0.01547228	0.009204095	-0.1062912	-0.2464886	-0.4833587
0.02419879	0.04004516	0.04203099	0.02772687	0.00374064	-0.02549024	0.04603792	0.04843245	0.02955345	-0.001553492	-0.0377955	0.04740162	0.05487872	0.03434519	-0.001022394	-0.04521835	-0.08260962	0.05973439	0.04166488	0.005619194	-0.04731507	-0.09619603	0.05928382	0.04971565	0.01568658	-0.04059425	-0.1001737	-0.1569399	0.05436734	0.02814609	-0.02692384	-0.09341428	-0.1671112	0.046806	0.03966011	-0.007776283	-0.08543143	-0.169205	0.03074622	0.04469429	0.01243776	-0.06689122	-0.1541483	-0.2639218	0.03513246	0.02909021	-0.03841512	-0.1294644	-0.256233	0.0176101	0.0356319	-0.006408853	-0.1114111	-0.2341779	-0.3865637	0.02543864	0.0177404	-0.07441131	-0.1882317	-0.3668208	0.005805251	0.02737914	-0.03357622	-0.1536739	-0.3316038	-0.5385535	0.017446	0.004086383	-0.1183344	-0.2629655	-0.5021436
0.02562914	0.0408835	0.04146188	0.02618643	0.001612552	-0.02749046	0.04725148	0.04758296	0.02757116	-0.004223838	-0.04047481	0.04932418	0.0541431	0.03206368	-0.004120239	-0.04825379	-0.08504137	0.05930572	0.03938151	0.001770517	-0.05092213	-0.09895907	0.05954203	0.04777902	0.0121657	-0.04596028	-0.1053245	0.04771568	0.05345233	0.02501457	-0.03209857	-0.09771189	-0.172842	0.04798049	0.03726666	-0.01364666	-0.08990157	-0.1751919	0.03245233	0.04403464	0.007995129	-0.07496917	-0.1636047	-0.2725122	0.03629182	0.0260786	-0.04570063	-0.1368174	-0.2661885	0.02018165	0.03519206	-0.01288541	-0.1176933	-0.2463613	-0.4000004	0.02689411	0.01369772	-0.08420284	-0.1994402	-0.3807653	0.008818796	0.02683393	-0.04285636	-0.161668	-0.3463692	-0.5554727	0.01918499	-0.001649805	-0.1295702	-0.2820214	-0.5209712
0.02702523	0.04159642	0.04078114	0.02463337	-0.0005558867	-0.02970393	0.04832074	0.04658694	0.02554285	-0.006853059	-0.04323649	0.05115501	0.05319756	0.02971811	-0.007256594	-0.05130514	0.04712832	0.05879356	0.0370206	-0.002108796	-0.05432796	-0.1015666	0.05957386	0.0457228	0.0086954	-0.05124125	-0.1101816	0.04865517	0.05232309	0.02173773	-0.037447	-0.1040805	-0.1785864	0.04886961	0.03467443	-0.01930073	-0.09472578	-0.1813546	0.03414158	0.04300566	0.003462152	-0.08230066	-0.1727826	-0.281178	0.03735358	0.02275219	-0.0529403	-0.1449488	-0.276138	0.02246686	0.03415257	-0.0206184	-0.1234684	-0.2583644	-0.4115601	0.02820125	0.009020413	-0.09481485	-0.2143371	-0.3947917	0.01158024	0.02550109	-0.05139725	-0.1699896	-0.3606833	-0.5724496	0.02067824	-0.008569913	-0.1392086	-0.30148	-0.5399354
0.02838662	0.04219548	0.03997468	0.02301301	-0.00275266	0.029775	0.04924926	0.04542203	0.02340535	-0.009598856	-0.04597008	0.05290275	0.05213096	0.02731408	-0.01050698	-0.05442338	0.04982097	0.05810191	0.03457809	-0.005904415	-0.05767452	-0.1046047	0.05946343	0.04362649	0.005109048	-0.0559547	-0.1145241	0.04960209	0.0510318	0.01827973	-0.04311952	-0.1110293	-0.1843353	0.04964076	0.03189084	-0.02485244	-0.09973421	-0.1882968	0.03586823	0.04163443	-0.001313046	-0.08861334	-0.1818305	-0.2899229	0.03831393	0.01911115	-0.06066167	-0.1530134	-0.2861333	0.02442097	0.03257148	-0.0286798	-0.1297039	-0.2692734	-0.4241293	0.02936269	0.003898012	-0.105036	-0.2293165	-0.4090124	0.01410201	0.02345634	-0.06047811	-0.1805064	-0.376043	-0.5894055	0.02192637	-0.01634031	-0.1483308	-0.3211161	-0.5587704
0.02973969	0.04266699	0.03907004	0.02131446	-0.004998245	0.03164763	0.05003783	0.04417356	0.02118712	-0.01242747	-0.04872103	0.05447319	0.0508366	0.02483688	-0.01383627	-0.05777548	0.05249109	0.05726139	0.03208385	-0.009691462	-0.06123814	-0.1078863	0.05925302	0.04135846	0.0009473722	-0.06019062	-0.1185895	0.05056234	0.0494712	0.01455707	-0.04915942	-0.1177443	-0.1900916	0.05020875	0.02891241	-0.0305473	-0.1049757	-0.1952901	0.03762501	0.03994542	-0.006625396	-0.09394612	-0.1901603	-0.2987241	0.03918128	0.01513632	-0.06865953	-0.164324	-0.2962327	0.02622146	0.03052206	-0.03629592	-0.1363579	-0.2799151	-0.4368054	0.03036853	-0.00169642	-0.1138417	-0.2445289	-0.4232538	0.01641064	0.02074704	-0.06967511	-0.1931205	-0.3917793	-0.009580605	0.02294817	-0.02453802	-0.1575293	-0.3409266	-0.5777574
0.03106784	0.04305993	0.03807294	0.0196103	-0.007300319	0.03344072	0.0504398	0.0428794	0.01892094	-0.01534506	-0.05131293	0.05544785	0.04947525	0.02227576	-0.01725299	-0.06135314	0.0551696	0.05617059	0.02948587	-0.01348678	-0.06478734	-0.1111957	0.05893589	0.03896513	-0.003570438	-0.06402443	-0.122174	0.05154176	0.04774958	0.01069606	-0.05536319	-0.124071	-0.1957853	0.05024336	0.02573983	-0.03644058	-0.110274	-0.2023167	0.03908755	0.03794616	-0.01303232	-0.09869251	-0.1982879	-0.3075642	0.03980709	0.01065787	-0.07737908	-0.17553	-0.3063667	0.02785555	0.02805521	-0.04383082	-0.1434523	-0.2913917	0.006888267	0.03110914	-0.007848266	-0.1214915	-0.2593815	-0.4375893	0.01850145	0.01741206	-0.07942627	-0.2048099	-0.4076138	-0.005389407	0.02355223	-0.03426109	-0.1658456	-0.3604349	-0.5950221
0.03234941	0.04337018	0.03701695	0.01783416	-0.009604967	0.03517314	0.0506145	0.04142652	0.01661732	-0.01831018	-0.0536501	0.05595396	0.04793487	0.01962944	-0.02082916	-0.06476564	0.05731262	0.05480401	0.02681154	-0.0173736	-0.0682204	-0.1145558	0.05851202	0.03652497	-0.007995314	-0.06768014	-0.1257924	0.0526006	0.04592593	0.006875223	-0.06136025	-0.1302516	-0.2015307	0.04990935	0.02238539	-0.04233308	-0.1160972	-0.2093823	0.04025048	0.03566646	-0.01964015	-0.103683	-0.2056796	0.02275158	0.04008735	0.00592437	-0.08635753	-0.186822	-0.3166395	0.02934399	0.02518976	-0.0517421	-0.1524259	-0.3029076	0.01013374	0.03141858	-0.01473366	-0.1289703	-0.2741017	-0.451993	0.02038975	0.01352464	-0.09016589	-0.2164383	-0.4234023	-0.001583172	0.02363281	-0.04428682	-0.1731936	-0.3785682	-0.6142611
0.03357968	0.04353179	0.03588672	0.01597364	-0.01200462	0.03685547	0.05063405	0.03992818	0.01423407	-0.02131685	-0.05577204	0.05629331	0.04630658	0.0169176	-0.02461613	-0.06799038	0.05851868	0.0533057	0.02415501	-0.02131649	-0.07238552	-0.1179664	0.05792188	0.03390399	-0.01234015	-0.07156745	-0.1300273	0.05361869	0.04384622	0.002928327	-0.06674259	-0.1359039	0.03889391	0.0492465	0.01883809	-0.04865811	-0.1246233	-0.2164376	0.04133123	0.03312368	-0.02580844	-0.1090935	-0.213424	0.0249742	0.03984499	0.001006169	-0.09372415	-0.1977285	-0.3270105	0.03070494	0.02191902	-0.059692	-0.1619197	-0.3145021	0.01307029	0.0312791	-0.02295658	-0.1353868	-0.2880004	-0.4663469	0.0220916	0.008956788	-0.1011403	-0.2311399	-0.4399134	0.001932799	0.02320597	-0.05358444	-0.1821917	-0.3949759	-0.6337749
0.03476681	0.04352912	0.03468381	0.01405765	-0.01441165	0.03852986	0.05054309	0.03839881	0.0117498	-0.02435781	-0.05761597	0.05647643	0.04454742	0.01420142	-0.02848323	-0.07102805	0.0593731	0.05164038	0.02128083	-0.02536681	-0.07686574	0.05482597	0.0570631	0.0312698	-0.01669557	-0.07570314	-0.1344051	0.05443694	0.04160441	-0.001658902	-0.07135423	-0.1413213	0.04016747	0.04827881	0.01496895	-0.05538144	-0.1327503	-0.2234372	0.04233485	0.03031284	-0.03203335	-0.1148136	-0.2218754	0.02718984	0.03908542	-0.004255884	-0.100445	-0.2085049	-0.3374982	0.0319451	0.01825068	-0.06815952	-0.170438	-0.3263737	0.01563789	0.03046518	-0.03172995	-0.1417279	-0.3013881	-0.481054	0.02360973	0.003778044	-0.1124685	-0.2482398	-0.4563705	0.005167099	0.02200543	-0.06313937	-0.1929459	-0.4102649	-0.654946
0.035913	0.04340655	0.03338543	0.01207764	-0.01681907	0.04017952	0.05034871	0.03674949	0.009181346	-0.02728915	0.03869831	0.05649359	0.04270504	0.0114555	-0.03232496	-0.07380824	0.05996238	0.04985599	0.01828614	-0.0297483	-0.08117656	0.05632915	0.05592642	0.02841133	-0.02117964	-0.07975198	-0.138791	0.05503343	0.03920148	-0.006765914	-0.07544425	-0.1457734	0.04149222	0.04703085	0.01085331	-0.0624409	-0.140675	-0.2300905	0.04325186	0.02726384	-0.03853323	-0.1208339	-0.2303664	0.02923676	0.03786159	-0.01019422	-0.1061413	-0.2186201	-0.3480335	0.03306391	0.01419104	-0.07705967	-0.1823698	-0.3384326	0.01798242	0.029005	-0.04012854	-0.1490587	-0.3138867	-0.4958845	0.02493073	-0.001943927	-0.1225552	-0.2656108	-0.4729186	0.008134979	0.01993172	-0.07299698	-0.2063949	-0.4282964	-0.6725692
