RootFxb1	RootFyb1	RootFzb1	RootMxb1	RootMyb1	RootMzb1	RootFxc1	RootFyc1	RootMxc1	RootMyc1
144.2	18.73	-23.9	-404.1	4542	-1.198	18.73	-144.2	4542	404.1
-190.9	23.1	42.78	-489.4	-3855	-19.18	23.1	190.9	-3855	489.4
-66.59	36.82	193	-871.3	-860.7	-14.93	36.82	66.59	-860.7	871.3
-23.44	2.401	-198.6	37.46	449.9	-23.98	2.401	23.44	449.9	-37.46
-18.62	34.89	197.5	-810	601.9	-22.15	34.89	25.91	601.9	834.3
-38.47	2.401	-198.6	-155.6	-208.4	-28.35	2.401	23.26	-208.4	-37.46
53.25	3.621	-150.4	178.2	1949	-8.155	3.621	-53.25	1949	-178.2
4.31	35.46	186.4	-961.9	750.5	-10.87	35.46	-4.31	750.5	961.9
144	18.42	-23.92	-393.4	4568	0.09412	18.42	-143.5	4568	398.1
-190.1	20.24	-55.62	-414.7	-3887	-17.04	20.24	190.1	-3887	414.7
46.5	23.8	125.8	-434	2208	28.27	23.8	-46.5	2208	434
-141.1	14.31	-111	-272.7	-2334	-44.65	14.31	141.1	-2334	272.7
-66.59	36.82	193	-871.3	-860.7	-14.93	36.82	66.59	-860.7	871.3
-23.44	2.401	-198.6	37.46	449.9	-23.98	2.401	23.44	449.9	-37.46
-190.9	23.1	42.78	-489.4	-3855	-19.18	23.1	190.9	-3855	489.4
144.2	18.73	-23.9	-404.1	4542	-1.198	18.73	-144.2	4542	404.1
144	18.42	-23.92	-393.4	4568	0.09412	18.42	-143.5	4568	398.1
-190.1	20.24	-55.62	-414.7	-3887	-17.04	20.24	190.1	-3887	414.7
4.31	35.46	186.4	-961.9	750.5	-10.87	35.46	-4.31	750.5	961.9
53.25	3.621	-150.4	178.2	1949	-8.155	3.621	-53.25	1949	-178.2
TwrBsFxt	TwrBsFyt	TwrBsFzt	TwrBsMxt	TwrBsMyt	TwrBsMzt
353	-75.32	-9577	12140	22520	175.4
35.33	-76.91	-9616	7920	-4175	301.4
256	223.1	-9594	-20250	15740	-223.9
168.8	-199.1	-9593	21670	8452	316.6
239.9	30.01	-9508	-2684	13930	80.51
103	76.33	-9665	-10670	2635	-289.3
169.7	-197.3	-9591	21720	8480	318.4
217.9	198.7	-9598	-20620	9894	79.82
353	-75.32	-9577	12160	22520	183.9
35.76	-72.12	-9615	7413	-4184	305.4
208.6	46.6	-9549	-2749	11850	696.2
197.7	-2.279	-9590	-5709	11250	-704.5
