RootFxb1	RootFyb1	RootFzb1	RootMxb1	RootMyb1	RootMzb1	RootFxc1	RootFyc1	RootMxc1	RootMyc1
143.9	23	48.85	-570.1	4038	8.36	23	-143.9	4038	579.2
-188.7	18.48	4.197	-367.5	-3928	-16.44	18.48	188.7	-3928	367.5
-76.55	39.53	195.8	-930.5	-800.2	-11.14	39.53	76.55	-800.2	930.5
-1.408	-2.12	-198	169.7	702.8	-25.23	-2.12	1.408	702.8	-169.7
-33.9	34.62	197.7	-796.6	-138.8	-15.57	34.62	34.82	-138.8	802.4
-3.565	-1.817	-198.1	157.7	694	-26.87	-1.817	3.002	694	-160.6
-1.408	-2.12	-198	169.7	702.8	-25.23	-2.12	1.408	702.8	-169.7
-45.01	38.75	194.3	-982.4	-566.1	-31.09	38.75	44.98	-566.1	982.4
137.3	22.4	39.8	-518	4053	16.92	22.4	-137.3	4053	520.8
-182.6	17.71	2.495	-359.8	-3996	-16.88	17.71	182.6	-3996	359.8
72.39	22.41	24.03	-479.7	2644	27.35	22.41	-72.39	2644	479.7
-130.1	12.31	-110.1	-210.1	-2054	-39.91	12.31	130.1	-2054	210.1
-76.55	39.53	195.8	-930.5	-800.2	-11.14	39.53	76.55	-800.2	930.5
-1.408	-2.12	-198	169.7	702.8	-25.23	-2.12	1.408	702.8	-169.7
-188.7	18.48	4.197	-367.5	-3928	-16.44	18.48	188.7	-3928	367.5
143.9	22.81	48.12	-579.2	3968	6.77	22.81	-143.9	3968	570.1
137.3	22.4	39.8	-518	4053	16.92	22.4	-137.3	4053	520.8
-182.6	17.71	2.495	-359.8	-3996	-16.88	17.71	182.6	-3996	359.8
-44.98	38.82	194.3	-982.4	-557	-30.86	38.82	45.01	-557	982.4
-1.408	-2.12	-198	169.7	702.8	-25.23	-2.12	1.408	702.8	-169.7
TwrBsFxt	TwrBsFyt	TwrBsFzt	TwrBsMxt	TwrBsMyt	TwrBsMzt
384.1	16.92	-9596	-3494	25360	-361.7
45.39	-53.41	-9584	4409	-2733	275
175.5	230.9	-9612	-27590	6305	-435.1
240.4	-231	-9590	23990	13430	334
307.6	122.7	-9521	-13600	19880	-253.5
184	-85.84	-9659	9083	10510	130.8
241	-229.5	-9590	24030	13450	340.3
183.1	227.4	-9614	-27900	6844	-435.3
383.3	33.68	-9597	-4451	25410	-349.6
52.74	-122.1	-9607	13080	-3119	387.4
216.6	-69.1	-9557	9197	10110	786.5
219.8	-39.25	-9595	-421.6	10970	-820.6
