RootFxb1	RootFyb1	RootFzb1	RootMxb1	RootMyb1	RootMzb1	RootFxc1	RootFyc1	RootMxc1	RootMyc1
133.1	25.03	84.12	-570.9	3696	7.195	25.03	-133.1	3696	577.3
-200.3	20.93	37.2	-521.4	-4594	-14.56	20.93	200.3	-4594	514.7
-60.92	41.48	195.6	-938.2	-396.7	-25.37	41.48	60.92	-396.7	938.2
-16.92	-0.6459	-196.5	198.5	447.2	-5.558	-0.6459	16.92	447.2	-198.5
-10.64	34.48	196.8	-571	621.8	-8.974	34.48	59.73	621.8	906.6
-18.57	3.333	-198	-43.16	153	-11.31	3.333	17.27	153	39.98
-14.52	0.1484	-195.9	217.2	442.7	-6.209	0.1484	14.7	442.7	-217.2
-14.76	36.41	196	-991.6	314.2	-16.16	36.41	14.76	314.2	991.6
116.9	13.78	-120.3	-290.4	3827	1.278	13.78	-116.9	3827	290.4
-200.3	20.93	37.21	-514.7	-4594	-13.99	20.93	200.3	-4594	514.7
64.7	22.31	-5.553	-374.1	2311	26.62	22.31	-64.7	2311	374.1
-128.7	17.56	-61.01	-403.8	-2056	-46.44	17.56	128.7	-2056	403.8
-60.92	41.48	195.6	-938.2	-396.7	-25.37	41.48	60.92	-396.7	938.2
-16.92	-0.6459	-196.5	198.5	447.2	-5.558	-0.6459	16.92	447.2	-198.5
-200.3	21.03	37.29	-514.7	-4589	-13.99	21.03	200.3	-4589	521.4
133.1	24.88	84.01	-577.3	3691	7.146	24.88	-133.1	3691	570.9
116.9	13.78	-120.3	-290.4	3827	1.278	13.78	-116.9	3827	290.4
-200.3	20.93	37.21	-514.7	-4594	-13.99	20.93	200.3	-4594	514.7
-14.76	36.41	196	-991.6	314.2	-16.16	36.41	14.76	314.2	991.6
-14.7	0.02976	-196	217.2	436.8	-6.419	0.02976	14.52	436.8	-217.2
TwrBsFxt	TwrBsFyt	TwrBsFzt	TwrBsMxt	TwrBsMyt	TwrBsMzt
356	-29.18	-9576	4222	21310	180.4
59.57	-32.17	-9615	5207	-2869	200.4
185.8	216.8	-9591	-22350	10110	-268.2
228.3	-216.5	-9625	24340	8941	326
292.5	-20.44	-9497	557.5	22640	-177.9
160.9	-82.3	-9676	11760	4241	258.4
232.3	-213.6	-9625	24450	9097	306.3
183.7	216	-9592	-22380	10010	-271.6
351.8	-3.556	-9577	-637.9	24560	-90.1
76.57	94.29	-9622	-11180	-4390	-83.64
198.5	-88.23	-9577	12290	8759	773.2
287.1	78.11	-9603	-9626	16310	-720.9
