RootFxb1	RootFyb1	RootFzb1	RootMxb1	RootMyb1	RootMzb1	RootFxc1	RootFyc1	RootMxc1	RootMyc1
129	22.85	79.83	-508.5	3569	1.956	22.85	-129	3569	508.5
-188.1	20.98	-1.894	-444.6	-3830	-19.01	20.99	188.1	-3830	444.6
-97.14	40.43	185.7	-941.8	-1466	-23.26	40.43	97.14	-1466	941.8
-85.37	3.974	-153.6	125.1	-921.2	-21.03	3.974	85.37	-921.2	-125.1
-31.32	32.23	197.7	-553	489.2	-9.783	32.23	31.32	489.2	553
-26.44	13.05	-197.7	-219.8	261.3	-18.2	13.05	26.22	261.3	217.5
-83.8	4.085	-153.4	128.8	-887.9	-20.81	4.085	83.8	-887.9	-128.8
-104	38.99	189.4	-1013	-1990	-20.64	38.99	104	-1990	1013
113.8	16.83	-78.55	-279.6	3700	-4.287	16.83	-113.5	3700	288.1
-181	21.12	45.45	-434.2	-3988	-16.98	21.12	180.8	-3988	426.8
71.76	15.89	-56.52	-307.3	2809	26.66	15.89	-71.76	2809	307.3
-156.9	18.63	-68.36	-319.4	-2723	-42.23	18.63	156.9	-2723	319.4
-97.14	40.43	185.7	-941.8	-1466	-23.26	40.43	97.14	-1466	941.8
-85.37	3.974	-153.6	125.1	-921.2	-21.03	3.974	85.37	-921.2	-125.1
-188.1	20.98	-1.894	-444.6	-3830	-19.01	20.99	188.1	-3830	444.6
129	22.85	79.83	-508.5	3569	1.956	22.85	-129	3569	508.5
113.8	16.83	-78.55	-279.6	3700	-4.287	16.83	-113.5	3700	288.1
-181	21.12	45.45	-434.2	-3988	-16.98	21.12	180.8	-3988	426.8
-104	38.99	189.4	-1013	-1990	-20.64	38.99	104	-1990	1013
-83.8	4.085	-153.4	128.8	-887.9	-20.81	4.085	83.8	-887.9	-128.8
TwrBsFxt	TwrBsFyt	TwrBsFzt	TwrBsMxt	TwrBsMyt	TwrBsMzt
339.1	40.95	-9598	-4509	21210	-147.4
46.39	-101.4	-9609	14140	-1697	304.8
284.1	200.8	-9533	-17980	18280	21.49
146.5	-210.7	-9598	19750	4506	-7.009
212.1	101.3	-9506	-10570	12060	187.5
135.7	62.08	-9667	-7831	7540	14.73
203.9	-187.8	-9567	21120	9409	194
297.9	197.3	-9554	-22300	17410	-164.8
326.5	72.19	-9594	-10140	22010	-204.6
47.01	-114.3	-9608	15000	-1747	292.3
170.9	14.13	-9585	2390	7419	628.6
243.4	128.7	-9561	-16700	13790	-741.2
