RootFxb1	RootFyb1	RootFzb1	RootMxb1	RootMyb1	RootMzb1	RootFxc1	RootFyc1	RootMxc1	RootMyc1
144.8	15.58	-30.6	-313.5	4044	6.224	15.58	-144.8	4044	314.1
-184	20.36	30.43	-397.2	-3970	-23.09	20.36	184	-3970	397.2
-7.155	39.26	186.9	-883.3	1036	-8.874	39.26	7.754	1036	884.1
3.677	3.454	-189.4	37.61	857.7	1.732	3.454	-3.677	857.7	-37.61
-56.5	33.13	196.9	-775.9	-918.9	-4.658	33.13	57.36	-918.9	783.5
-41.26	8.387	-197.9	-194.1	-305.1	-9.747	8.387	38.8	-305.1	162.7
1.644	5.556	-191.8	88.26	320.1	-16.83	5.556	-1.644	320.1	-88.26
-26.16	38.12	192.7	-934.5	497.4	-9.299	38.12	26.16	497.4	934.5
140.7	21.58	-6.142	-570.9	4508	16.01	21.58	-140.7	4508	570.9
-183.2	20.44	30.32	-400.3	-3978	-22	20.44	183.2	-3978	400.3
65.69	23.93	43.14	-530.9	2226	26.05	23.93	-65.69	2226	530.9
-105.4	34.37	155.6	-787.6	-1344	-41.5	34.37	105.4	-1344	787.6
-7.155	39.26	186.9	-883.3	1036	-8.874	39.26	7.754	1036	884.1
3.677	3.454	-189.4	37.61	857.7	1.732	3.454	-3.677	857.7	-37.61
-184	20.36	30.43	-397.2	-3970	-23.09	20.36	184	-3970	397.2
144.8	15.58	-30.76	-314.1	4041	6.146	15.58	-144.8	4041	313.5
140.7	21.58	-6.142	-570.9	4508	16.01	21.58	-140.7	4508	570.9
-183.2	20.44	30.32	-400.3	-3978	-22	20.44	183.2	-3978	400.3
-26.16	38.12	192.7	-934.5	497.4	-9.299	38.12	26.16	497.4	934.5
1.644	5.556	-191.8	88.26	320.1	-16.83	5.556	-1.644	320.1	-88.26
TwrBsFxt	TwrBsFyt	TwrBsFzt	TwrBsMxt	TwrBsMyt	TwrBsMzt
375.4	82.23	-9553	-4862	21570	237.5
61.12	-61.66	-9632	3636	546.3	-91.47
233.7	190	-9576	-17300	10790	-140
229.6	-168	-9569	16000	13390	352
221.2	13.06	-9516	639.6	11070	-189.7
113.9	15.79	-9667	-2221	2211	35.41
143.6	-158.3	-9597	18500	5366	380.9
232.2	189.2	-9577	-17390	10740	-153.3
375.4	84.71	-9553	-4635	21570	239.8
74.87	-52.32	-9584	4368	103.7	197.7
131.3	-28.37	-9580	6202	4944	709.6
178.6	10.52	-9598	-4052	8056	-726.7
