RootFxb1	RootFyb1	RootFzb1	RootMxb1	RootMyb1	RootMzb1	RootFxc1	RootFyc1	RootMxc1	RootMyc1
157.4	16.94	24.24	-301.6	4563	4.845	16.94	-157.4	4563	301.6
-191.5	24	6.388	-563	-3540	-31.59	24	191.5	-3540	539.9
-17.67	37.45	194.6	-890.7	311.7	-20.19	37.45	17.67	311.7	890.7
-38.26	2.688	-197.4	103.4	-245.5	-4.391	2.688	38.26	-245.5	-103.4
-28.17	33.15	197.3	-756	91.86	-5.847	33.15	28.17	91.86	756
-21.22	7.179	-198.1	-132	-11.74	-21.49	7.179	21.06	-11.74	105.5
56.27	5.19	-141.1	181.1	2031	4.497	5.19	-56.27	2031	-181.1
-166.6	34.72	142.5	-916.3	-3446	-23.07	34.72	166.6	-3446	916.3
156.4	17.07	23.29	-305.9	4574	4.77	17.07	-156.4	4574	305.9
-187	20.11	-80.17	-488.3	-4068	-14.51	20.11	186.9	-4068	487.7
85.78	19.41	25.8	-402.9	2939	24.17	19.41	-85.78	2939	402.9
-125.6	30.14	125.9	-646.5	-1759	-39.47	30.14	125.6	-1759	646.5
-17.67	37.45	194.6	-890.7	311.7	-20.19	37.45	17.67	311.7	890.7
-38.26	2.688	-197.4	103.4	-245.5	-4.391	2.688	38.26	-245.5	-103.4
-191.5	24.33	9.18	-539.9	-3519	-30.5	24.33	191.5	-3519	563
157.4	16.94	24.24	-301.6	4563	4.845	16.94	-157.4	4563	301.6
156.4	17.07	23.29	-305.9	4574	4.77	17.07	-156.4	4574	305.9
-187	20.11	-80.17	-488.3	-4068	-14.51	20.11	186.9	-4068	487.7
-166.6	34.72	142.5	-916.3	-3446	-23.07	34.72	166.6	-3446	916.3
56.27	5.19	-141.1	181.1	2031	4.497	5.19	-56.27	2031	-181.1
TwrBsFxt	TwrBsFyt	TwrBsFzt	TwrBsMxt	TwrBsMyt	TwrBsMzt
315.1	-14.65	-9569	689.8	20810	-127.7
55.45	27.63	-9620	-5231	-1309	167.5
162.8	191.3	-9562	-18980	8470	-19.45
200.7	-203.6	-9570	21180	12270	415.3
178	72.86	-9523	-6206	9844	-182.8
138	-67.14	-9669	5756	3132	45.36
200.8	-203.6	-9570	21190	12270	422.7
165.1	191.2	-9563	-18990	8570	-30.39
315.1	-13.4	-9569	715.1	20810	-124
56.53	26.21	-9622	-4808	-1341	175.2
172.6	-108.1	-9572	12090	8771	718.6
185.4	97.9	-9591	-9340	9980	-520.3
