# ----- Rotor performance tables for the Optimus Shakti Turbine -----
# ------------ Written on Nov-12-24 using values from QBlade --------

# Pitch angle vector, 71 entries - x axis (matrix columns) (deg)
-5.000000	-4.500000	-4.000000	-3.500000	-3.000000	-2.500000	-2.000000	-1.500000	-1.000000	-0.500000	0.000000	0.500000	1.000000	1.500000	2.000000	2.500000	3.000000	3.500000	4.000000	4.500000	5.000000	5.500000	6.000000	6.500000	7.000000	7.500000	8.000000	8.500000	9.000000	9.500000	10.000000	10.500000	11.000000	11.500000	12.000000	12.500000	13.000000	13.500000	14.000000	14.500000	15.000000	15.500000	16.000000	16.500000	17.000000	17.500000	18.000000	18.500000	19.000000	19.500000	20.000000	20.500000	21.000000	21.500000	22.000000	22.500000	23.000000	23.500000	24.000000	24.500000	25.000000	25.500000	26.000000	26.500000	27.000000	27.500000	28.000000	28.500000	29.000000	29.500000	30.000000	
# TSR vector, 71 entries - y axis (matrix rows) (-)
3.669314	4.586643	5.503972	6.421300	7.338628	8.255957	9.173285	10.090610	11.007940	11.925270	12.842600	13.759930	14.677260	
# Wind speed vector - z axis (m/s)
10.160000	

# Power coefficient

0.05826856	0.121021	0.1512309	0.123946	0.05553829	-0.03933748	0.1712947	0.2202943	0.1698447	0.05811616	-0.09485313	0.2024587	0.297358	0.2352685	0.07899301	-0.1380031	-0.3524154	0.371755	0.3207653	0.1302604	-0.148809	-0.4542707	0.4133598	0.4144922	0.2161097	-0.1173392	-0.515474	-0.891023	0.479768	0.3291562	-0.02650765	-0.5499031	-1.06118	0.4444206	0.4454718	0.1151446	-0.4970013	-1.14813	-1.848411	0.4958603	0.2828278	-0.3335999	-1.097431	-2.045133	0.4067515	0.4354608	-0.08435152	-1.053681	-2.134243	-3.35279	0.4654974	0.1787135	-0.8244449	-1.969568	-3.549515	0.3404942	0.3941637	-0.4589773	-1.739055	-3.568029	-5.567155	0.4253532	-0.01246126	-1.537638	-3.304426	-5.717802	0.2570542	0.3151549	-0.9847243	-2.757799	-5.579106
0.06438327	0.1248496	0.1511288	0.119785	0.04890815	-0.04753133	0.1779585	0.2195024	0.1628087	0.04728676	-0.1069901	0.2137194	0.2972266	0.2257331	0.06436957	-0.1573212	-0.364928	0.37492	0.3094469	0.1118149	-0.1749512	-0.478078	0.4269633	0.4045504	0.1960141	-0.1478328	-0.5419333	-0.9188324	0.4782362	0.309331	-0.06520581	-0.5808733	-1.092603	0.4546969	0.4293896	0.07885981	-0.5562583	-1.208358	-1.903439	0.4973475	0.250203	-0.394703	-1.152701	-2.118634	0.4227677	0.4134157	-0.1563298	-1.106292	-2.224525	-3.452063	0.4730582	0.1251149	-0.9289441	-2.103772	-3.671067	0.3613172	0.3625428	-0.5555218	-1.82908	-3.714171	0.1082087	0.4352402	-0.09507634	-1.64318	-3.505322	-5.911291	0.2867996	0.2668467	-1.124011	-2.92854	-5.820889
0.07034132	0.1285232	0.1505921	0.1154459	0.04223676	-0.05576666	0.1843536	0.218284	0.155718	0.03620707	-0.1183332	0.2247737	0.2963492	0.2159613	0.0490261	-0.1752626	-0.376063	0.3765385	0.2974558	0.0933696	-0.2019644	-0.5011154	0.4350422	0.3934355	0.17537	-0.1785115	-0.5751037	-0.9469471	0.475139	0.2875107	-0.102735	-0.6135124	-1.129608	0.4650629	0.4116595	0.04297958	-0.6097344	-1.267181	-1.958929	0.4948882	0.2156883	-0.4561385	-1.22063	-2.192386	0.4356473	0.3882175	-0.229643	-1.162624	-2.307562	0.2686993	0.4765273	0.06849422	-1.036093	-2.239002	-3.794132	0.3802769	0.3258444	-0.6563889	-1.942711	-3.860661	0.1521256	0.4392791	-0.1881859	-1.745057	-3.704233	-6.105287	0.3136578	0.210771	-1.27331	-3.086097	-6.051834
0.07600466	0.1320913	0.1497944	0.1109019	0.0355538	-0.06381957	0.1904753	0.2166193	0.1483531	0.02470257	-0.1298806	0.2353877	0.294712	0.2054926	0.03294172	-0.1917431	-0.3860325	0.3766583	0.2847804	0.07516486	-0.2291238	-0.5223029	0.4404972	0.3812237	0.1541556	-0.2103463	-0.6109489	-0.9752461	0.4698527	0.2648179	-0.1402251	-0.6488382	-1.169293	0.4754395	0.3923466	0.00390655	-0.6576326	-1.320572	0.377503	0.4888517	0.1789727	-0.522258	-1.309173	-2.265735	0.4477407	0.3600378	-0.2977575	-1.223002	-2.395803	0.2953847	0.473785	0.009646297	-1.123668	-2.369609	-3.91844	0.3976116	0.2840198	-0.7578493	-2.063776	-4.009266	0.1918826	0.436994	-0.2981766	-1.828386	-3.877573	-6.3033	0.3379153	0.1453675	-1.439378	-3.287936	-6.266253
0.08119883	0.1355221	0.1485398	0.1060153	0.0284916	-0.07134165	0.1962424	0.2144479	0.1405775	0.01321942	-0.1411195	0.2455651	0.2923972	0.1946646	0.01644095	-0.2075771	-0.3960784	0.3754118	0.2715069	0.05566078	-0.2541114	-0.5415653	0.4436738	0.368108	0.1307866	-0.2449886	-0.646239	0.4400234	0.4620209	0.2411595	-0.1785718	-0.6845618	-1.208905	0.4852308	0.3714293	-0.04220752	-0.6976932	-1.369037	0.3913667	0.4795408	0.1386141	-0.5928929	-1.392954	-2.338824	0.4589142	0.3288249	-0.367435	-1.287132	-2.490354	0.3219561	0.4648228	-0.0534103	-1.203687	-2.498662	-4.044167	0.4134234	0.2371163	-0.8660254	-2.173154	-4.160363	0.2266103	0.4253473	-0.4176885	-1.918274	-4.0611	-6.50163	0.3595645	0.07070795	-1.599984	-3.543444	-6.520564
0.08605055	0.1386655	0.1471246	0.1010683	0.02135632	-0.07848813	0.2015853	0.2116959	0.1327299	0.001873412	-0.1518914	0.2551918	0.2892294	0.1833386	0.0002571999	-0.2230406	0.2754204	0.3730705	0.257747	0.03494571	-0.2766565	-0.5580064	0.4448283	0.3540912	0.1065603	-0.2806442	-0.679972	0.4497198	0.4524766	0.2164926	-0.2180083	-0.7168904	-1.248613	0.4924899	0.3489418	-0.09103998	-0.735188	-1.417442	0.4056973	0.4672649	0.09617745	-0.6663159	-1.474803	-2.412117	0.4691569	0.2950025	-0.4401534	-1.355234	-2.586161	0.3464522	0.4502814	-0.1248383	-1.271416	-2.61968	-4.170403	0.4276865	0.185271	-0.9792135	-2.323754	-4.313881	0.2582027	0.4050329	-0.5334257	-2.017336	-4.230832	-6.701034	0.3784621	-0.01100899	-1.750012	-3.793231	-6.735332
0.09080436	0.1415243	0.1453591	0.09603898	0.01423271	0.1196102	0.2063937	0.2082811	0.124414	-0.009504652	-0.1635119	0.2642674	0.2851702	0.1716572	-0.01603109	-0.2386588	0.2911417	0.3700928	0.2434309	0.01266734	-0.2984612	-0.5727561	0.4451253	0.3391539	0.08242574	-0.3174472	-0.7118949	0.4585934	0.4414875	0.1907834	-0.2571015	-0.7607655	-1.288687	0.4966007	0.3250412	-0.1385872	-0.7750359	-1.464785	0.4197643	0.4523452	0.05333865	-0.7357998	-1.553986	-2.48611	0.4785814	0.2584612	-0.5133489	-1.429693	-2.680347	0.3676272	0.4306883	-0.210515	-1.33203	-2.738633	-4.296898	0.4404896	0.1260416	-1.102723	-2.489503	-4.457348	0.2869996	0.3769457	-0.6430267	-2.127038	-4.403389	-6.901163	0.3945853	-0.1040634	-1.874919	-4.03945	-6.9721
0.0953939	0.1440168	0.1432697	0.09074859	0.007029263	0.1275762	0.2105937	0.2042432	0.1158983	-0.02094811	-0.1751523	0.2727838	0.2801622	0.159524	-0.032276	-0.2547246	0.3061484	0.3662106	0.228604	-0.0101248	-0.3187754	-0.5883297	0.4435681	0.3234874	0.05834731	-0.3509863	-0.7408163	0.4664009	0.4288217	0.1639026	-0.2991611	-0.8102618	-1.329301	0.497129	0.2997016	-0.1851707	-0.8187724	-1.51573	0.4335715	0.4349276	0.009040399	-0.7972093	-1.630679	-2.560862	0.4857281	0.2191874	-0.5906149	-1.51628	-2.773292	0.3854814	0.4065551	-0.2977599	-1.40073	-2.847513	-4.424093	0.4515777	0.06255972	-1.224706	-2.655765	-4.623816	0.3131172	0.3418317	-0.7586922	-2.257418	-4.58574	0.005626309	0.4071603	-0.209299	-1.985795	-4.261994	-7.211218
0.09987244	0.1461139	0.1407923	0.08523216	-0.0003477656	0.1355224	0.2141851	0.1996015	0.1070933	-0.03258402	-0.1866325	0.280573	0.2744341	0.1470138	-0.04815108	-0.2713875	0.320687	0.3617522	0.2133074	-0.03261672	-0.3393842	-0.6056606	0.4414754	0.3071635	0.03144765	-0.3809659	-0.76692	0.4719298	0.4149257	0.1352275	-0.3441345	-0.8591719	-1.369781	0.4942885	0.2729753	-0.2328699	-0.8634948	-1.570438	0.4475079	0.4151117	-0.04051319	-0.8491012	-1.701948	-2.631344	0.4889106	0.1768135	-0.6707956	-1.6259	-2.866589	0.4019696	0.3779996	-0.3788553	-1.473073	-2.957656	0.1952792	0.4583891	-0.004985941	-1.328281	-2.820093	-4.78045	0.3370147	0.299893	-0.8748876	-2.402967	-4.770271	0.05877176	0.4133669	-0.3266991	-2.096873	-4.505595	-7.451358
0.1042489	0.1477564	0.1380533	0.07958842	-0.007864719	0.1432468	0.2172045	0.1943954	0.09782138	-0.04449634	-0.1980217	0.2876847	0.2675659	0.134135	-0.06432053	-0.2877759	0.3348038	0.3559149	0.1975854	-0.05521036	-0.360878	-0.6239752	0.4387156	0.2903221	0.001405866	-0.4086546	-0.7897257	0.4756538	0.4002757	0.105345	-0.3906584	-0.9055271	-1.410995	0.4887287	0.2448196	-0.281983	-0.9066307	-1.625953	0.460918	0.3929249	-0.09905402	-0.89407	-1.769557	0.3291827	0.4868261	0.1295804	-0.7578905	-1.73166	-2.961281	0.4170036	0.3456116	-0.4623952	-1.550774	-3.077844	0.2306562	0.4601815	-0.07753184	-1.420151	-2.984606	-4.939027	0.3587005	0.251141	-0.9989264	-2.544842	-4.95719	0.1063326	0.4129434	-0.4620038	-2.197849	-4.739322	-7.691748
0.1085806	0.1490533	0.13488	0.0739303	-0.01556077	0.1506025	0.2195303	0.1887794	0.08844862	-0.05670771	-0.2089202	0.2930488	0.2602733	0.1208123	-0.08112614	-0.3059942	0.3486513	0.348883	0.1814386	-0.07776559	-0.3812656	-0.6421809	0.4346601	0.2725469	-0.02875238	-0.4344575	-0.8113493	0.4781086	0.3839945	0.07555918	-0.4370624	-0.9496431	0.4164071	0.4812004	0.2151161	-0.3314575	-0.951892	-1.681497	0.4715901	0.3685145	-0.1596863	-0.9408404	-1.832321	0.3485119	0.4799868	0.08012962	-0.8475832	-1.837034	-3.058066	0.4308931	0.3096239	-0.5495852	-1.639401	-3.189379	0.2634698	0.4543205	-0.1598121	-1.501186	-3.140218	-5.098156	0.3783316	0.1961898	-1.130861	-2.693912	-5.145545	0.1491959	0.4043177	-0.5974923	-2.314278	-4.951128	-7.933418
0.1128942	0.1500801	0.1314393	0.06804135	-0.0233753	0.1577469	0.2205114	0.1827834	0.0787495	-0.06942832	-0.2186882	0.2954761	0.2526104	0.1070502	-0.09934555	-0.322697	0.3607097	0.3404064	0.1648909	-0.1007835	-0.4041035	0.3701773	0.4294199	0.254146	-0.05821081	-0.4604117	-0.8365037	0.4796227	0.3667528	0.04576244	-0.4791964	-0.9897945	0.4256831	0.4709639	0.1840345	-0.3831043	-1.019317	-1.737265	0.4808255	0.3420081	-0.2172371	-0.9910639	-1.899109	0.3677848	0.468949	0.02972222	-0.9271986	-1.945743	-3.155608	0.4436017	0.2698536	-0.6362366	-1.737048	-3.308714	0.2926923	0.440855	-0.2583103	-1.575036	-3.293104	-5.245412	0.3959766	0.1328443	-1.273803	-2.89549	-5.334786	0.1884748	0.3843702	-0.7223697	-2.436169	-5.152399	-8.176021
0.1170353	0.1508987	0.1278037	0.06188356	-0.03121787	0.1645831	0.220742	0.1764923	0.06864318	-0.08229133	0.1911334	0.2967725	0.244085	0.09307394	-0.1185178	-0.3377392	0.3675348	0.3310915	0.1478783	-0.1242492	-0.4291359	0.3931283	0.4229008	0.2356936	-0.08769755	-0.4877717	-0.8634579	0.480254	0.3487459	0.01184567	-0.5166665	-1.027722	0.4349445	0.4588455	0.1507093	-0.4387968	-1.085086	-1.792897	0.4901981	0.3134684	-0.2744762	-1.04352	-1.972063	0.3882002	0.4540186	-0.02388916	-0.9962523	-2.046821	-3.25387	0.4550972	0.2263027	-0.7286626	-1.834129	-3.428481	0.3175726	0.4204997	-0.3612267	-1.65405	-3.432494	-5.40559	0.4116888	0.0631942	-1.415174	-3.098447	-5.526327	0.2242775	0.3543923	-0.852088	-2.576921	-5.371624	-8.417614


#  Thrust coefficient

0.2182919	0.2178046	0.1976497	0.1462968	0.06548765	-0.03211695	0.3165168	0.2857057	0.1977849	0.06966314	-0.08238623	0.4379358	0.4007895	0.2770424	0.09447771	-0.1195293	-0.265161	0.5461702	0.3933699	0.1531241	-0.1263812	-0.3646029	0.7168343	0.5513842	0.2567063	-0.09058452	-0.4434175	-0.4481612	0.7475579	0.4113249	0.006498252	-0.4703502	-0.6070197	0.9582351	0.6189308	0.15888	-0.4213441	-0.7853104	-0.6677168	0.8611223	0.3679134	-0.2687423	-0.8869033	-0.8565548	1.124331	0.6334466	-0.01776863	-0.8634644	-1.109849	-0.9165238	0.9202971	0.2694383	-0.6741791	-1.326384	-1.146457	1.249639	0.6082426	-0.338661	-1.347091	-1.434143	-1.225037	0.9538231	0.1060573	-1.193269	-1.769225	-1.472088	1.353693	0.5407525	-0.7695685	-1.897971	-1.80568
0.219474	0.2169293	0.1953893	0.1407993	0.05835224	-0.04003531	0.3151229	0.2814949	0.1887318	0.05842626	-0.0935517	0.4361868	0.3952964	0.2641957	0.079327	-0.1371714	-0.2654781	0.5410531	0.3762715	0.1332948	-0.1504047	-0.3695639	0.7153493	0.5308595	0.2328723	-0.1200582	-0.462005	-0.4427758	0.7257602	0.3833669	-0.03156306	-0.4982246	-0.5925515	0.9371005	0.5859114	0.1209569	-0.4696049	-0.7832023	-0.6587912	0.8292779	0.3255719	-0.325009	-0.9170856	-0.8459298	1.088215	0.5882131	-0.0869436	-0.9074115	-1.09164	-0.9074183	0.8806646	0.2096527	-0.751615	-1.328949	-1.130062	1.198927	0.5488103	-0.4282137	-1.393232	-1.411149	1.633318	0.90341	0.02436465	-1.269385	-1.763107	-1.455226	1.289005	0.4640208	-0.8824807	-1.948962	-1.772123
0.2204639	0.215939	0.1927166	0.1351788	0.05122062	-0.04790649	0.3135443	0.2769001	0.1797205	0.04699078	-0.1041114	0.4343736	0.389111	0.2513211	0.06358501	-0.1536685	-0.263484	0.5344142	0.3588537	0.1139442	-0.1748159	-0.372583	0.7114635	0.5096915	0.2090473	-0.1492669	-0.4766811	-0.4374854	0.7032253	0.3537771	-0.0683518	-0.524431	-0.5833972	0.9160488	0.5523788	0.08428102	-0.5130866	-0.7793509	-0.6502761	0.7958201	0.2828753	-0.3829109	-0.9377775	-0.8352831	1.051401	0.5421736	-0.1566693	-0.9487691	-1.066269	1.383323	0.8396252	0.1493251	-0.8301553	-1.329678	-1.114821	1.149268	0.4879659	-0.5229246	-1.443595	-1.38907	1.573671	0.8512609	-0.06492154	-1.343265	-1.750612	-1.439956	1.225797	0.3850791	-0.9913374	-1.979596	-1.746552
0.2211614	0.2148765	0.189827	0.1294286	0.04410845	-0.05559703	0.3116851	0.2718776	0.1705566	0.03517852	-0.115001	0.432122	0.3821579	0.2379778	0.04719847	-0.1688753	-0.2600348	0.5262339	0.3410913	0.09514333	-0.1991313	-0.3731878	0.7043829	0.4880154	0.1852718	-0.1788506	-0.4865225	-0.4322787	0.6798318	0.3240765	-0.1051253	-0.5514286	-0.5768446	0.8952758	0.5184039	0.04527817	-0.5528683	-0.7702069	1.137993	0.760981	0.2395704	-0.4389172	-0.9472871	-0.8240465	1.015328	0.4953424	-0.2221634	-0.987562	-1.046656	1.341895	0.7959849	0.08913775	-0.9058706	-1.325752	-1.100924	1.100788	0.425803	-0.6122738	-1.490761	-1.367455	1.51362	0.7970623	-0.1683636	-1.415765	-1.732528	-1.42735	1.164229	0.3032795	-1.10185	-1.996329	-1.7267
0.2214233	0.2136986	0.1865112	0.1233959	0.03667131	-0.06277294	0.3095478	0.2663742	0.1611161	0.02345058	-0.1256909	0.4293601	0.3745107	0.2244881	0.03047719	-0.1835688	-0.256536	0.5166742	0.323027	0.0751602	-0.2215258	-0.371219	0.6946557	0.4659821	0.1597423	-0.2101236	-0.4928249	0.8959644	0.65545	0.2941621	-0.1422919	-0.5778623	-0.5700445	0.8731288	0.4840383	-8.29888e-05	-0.5878777	-0.7593791	1.111427	0.7250242	0.1948652	-0.4971414	-0.9503528	-0.8125561	0.9799816	0.4476288	-0.287662	-1.026514	-1.033625	1.29922	0.7497526	0.02685744	-0.9682119	-1.320328	-1.088292	1.053531	0.3622954	-0.7005073	-1.521801	-1.346925	1.45286	0.7388957	-0.2794534	-1.473276	-1.702843	-1.416152	1.104244	0.2187757	-1.220222	-2.004792	-1.70063
0.2213529	0.2123386	0.1830803	0.1173549	0.02920414	-0.06950726	0.3071497	0.2603718	0.1516994	0.01191809	-0.1357327	0.4262093	0.3660292	0.2107168	0.01421728	-0.1980286	0.5703884	0.5060353	0.3048078	0.05444504	-0.2418456	-0.3661054	0.6826684	0.4435534	0.1339887	-0.2416862	-0.4960696	0.8848968	0.6301226	0.2640156	-0.1796792	-0.6004302	-0.563126	0.8497456	0.4493271	-0.04765372	-0.6214566	-0.741079	1.085531	0.688073	0.1496816	-0.5553553	-0.9507654	-0.8012182	0.9453134	0.3993303	-0.3544115	-1.064787	-1.02115	1.255981	0.7014354	-0.04179153	-1.022699	-1.304761	-1.076972	1.0074	0.297436	-0.7872013	-1.536543	-1.327775	1.392627	0.6773468	-0.3859568	-1.527143	-1.662261	-1.408015	1.045735	0.1323776	-1.327444	-2.005556	-1.682316
0.2211949	0.2107655	0.1793418	0.1112984	0.02179347	0.3227921	0.3046024	0.2538363	0.141967	0.0004246919	-0.144902	0.4229079	0.3567244	0.196795	-0.00215021	-0.212168	0.566358	0.4946568	0.2863318	0.0321848	-0.2616327	-0.3590634	0.6701044	0.4206969	0.1087996	-0.2743243	-0.4967959	0.8722481	0.6043708	0.2336445	-0.2162732	-0.6177001	-0.5562494	0.8251731	0.4143397	-0.09383391	-0.652973	-0.7255493	1.059174	0.6502295	0.1053847	-0.6096886	-0.9482431	-0.7905604	0.9112926	0.3504731	-0.4242423	-1.098248	-1.00707	1.212112	0.6515405	-0.123474	-1.071346	-1.284975	-1.066786	0.9623695	0.229985	-0.8752705	-1.541264	-1.312327	1.33338	0.6130625	-0.4878519	-1.585213	-1.627118	-1.401936	0.9887994	0.03943092	-1.416445	-2.0019	-1.662635
0.2209077	0.2090093	0.1753338	0.1050449	0.01435553	0.3222962	0.3020116	0.2467847	0.1321754	-0.01110149	-0.1527565	0.4197765	0.346586	0.1826239	-0.01834957	-0.2254545	0.5621907	0.482489	0.2676576	0.009276815	-0.2801787	-0.3528183	0.655758	0.3976137	0.08407208	-0.3036008	-0.4936567	0.8585569	0.5775651	0.2029462	-0.2540878	-0.6272316	-0.5497501	0.7997978	0.3790025	-0.139323	-0.6853907	-0.718068	1.031743	0.6116169	0.06078556	-0.6594291	-0.9425431	-0.7806727	0.8768189	0.3009978	-0.490551	-1.120475	-0.9919131	1.1679	0.6002225	-0.2056177	-1.118803	-1.255661	-1.058643	0.918097	0.1616618	-0.9719127	-1.543159	-1.292657	1.27524	0.5465806	-0.5951452	-1.638275	-1.601674	1.763523	0.9327348	-0.06199287	-1.509094	-1.996368	-1.645517
0.2205192	0.2071262	0.1710058	0.09863904	0.006798877	0.3218549	0.2995868	0.239352	0.1222341	-0.02272091	-0.1595317	0.416953	0.3360492	0.1682685	-0.03411854	-0.2367112	0.5583257	0.4696622	0.2488336	-0.01319778	-0.2984065	-0.348208	0.6409683	0.3743852	0.05689139	-0.3296881	-0.4875117	0.8427848	0.5503584	0.1715153	-0.293445	-0.6324403	-0.5430599	0.7720588	0.3433731	-0.1851052	-0.7164448	-0.7096982	1.00393	0.5723875	0.01215713	-0.7038311	-0.9313039	-0.7724632	0.8408243	0.2506332	-0.5567902	-1.129868	-0.9766806	1.124458	0.547465	-0.282699	-1.162921	-1.229271	1.506841	0.872589	0.09241159	-1.051522	-1.540381	-1.276941	1.218355	0.4781491	-0.6959597	-1.689348	-1.577253	1.694479	0.8749279	-0.1720055	-1.579924	-1.980901	-1.630812
0.2200741	0.2051058	0.1665038	0.0921814	-0.0008634828	0.3212351	0.2974263	0.2315382	0.1119722	-0.03443753	-0.165168	0.4149708	0.3247584	0.1537552	-0.0498323	-0.2457901	0.5552788	0.4556943	0.2298884	-0.03562821	-0.3163058	-0.3442309	0.625505	0.3512175	0.02686844	-0.3541313	-0.4777218	0.8255312	0.523595	0.1397761	-0.3348494	-0.6339845	-0.5368691	0.7425582	0.3074322	-0.2311333	-0.7448263	-0.701523	0.9769041	0.5325417	-0.04470327	-0.7431179	-0.9152693	1.259855	0.8025885	0.1984304	-0.6249111	-1.132725	-0.9626597	1.081758	0.4936855	-0.3602355	-1.209477	-1.213197	1.456291	0.8254271	0.0209406	-1.120428	-1.535299	-1.262965	1.162781	0.407758	-0.7962053	-1.73518	-1.554052	1.624789	0.8152406	-0.2979191	-1.644064	-1.954022	-1.618004
0.2196363	0.203116	0.1616754	0.08575784	-0.008631472	0.3202768	0.2955698	0.2234582	0.1017588	-0.04638263	-0.1699101	0.4131542	0.313297	0.1390506	-0.06609415	-0.2535917	0.5537083	0.441119	0.2108308	-0.05805719	-0.3325256	-0.3400537	0.608585	0.3275403	-0.003150937	-0.3774201	-0.4666762	0.8072928	0.4958527	0.1088045	-0.3738919	-0.6326985	1.021843	0.7130448	0.2711123	-0.2768836	-0.7665703	-0.6931762	0.947749	0.4921215	-0.1029904	-0.78327	-0.8940889	1.226625	0.7623873	0.1458985	-0.6925057	-1.133208	-0.9496388	1.039989	0.4390332	-0.4394791	-1.251134	-1.199009	1.405054	0.7752077	-0.05788531	-1.182045	-1.520628	-1.250334	1.108594	0.3356505	-0.8936996	-1.755181	-1.531534	1.555297	0.7527556	-0.4209354	-1.712563	-1.909751	-1.608739
0.2191955	0.201214	0.1566645	0.0791821	-0.01645112	0.3191547	0.2929814	0.2151128	0.0913584	-0.05854883	-0.172985	0.4099633	0.301658	0.1241446	-0.08355126	-0.2593802	0.5529478	0.4256828	0.1917114	-0.08055425	-0.3460428	0.7141302	0.5903171	0.3037508	-0.03232505	-0.3997103	-0.4592591	0.7881869	0.4680179	0.0784076	-0.4093459	-0.6273084	1.000596	0.6817997	0.2345076	-0.3250107	-0.7789084	-0.6847992	0.9185194	0.4512217	-0.1583674	-0.8183879	-0.8774579	1.192811	0.7206221	0.0941802	-0.7545202	-1.129319	-0.9376714	0.9992148	0.3835249	-0.5205655	-1.290977	-1.181053	1.353442	0.7219706	-0.1510722	-1.239345	-1.500801	-1.240753	1.055714	0.2608259	-0.9926473	-1.767014	-1.509917	1.486917	0.685572	-0.536063	-1.774044	-1.861125	-1.601528
0.218568	0.1995067	0.1515615	0.07240869	-0.02419019	0.317868	0.2896409	0.2065741	0.0806687	-0.0707019	0.4396905	0.4056551	0.2893929	0.1092629	-0.1014986	-0.2632031	0.5503151	0.4098562	0.1725132	-0.1031486	-0.3566315	0.7157613	0.5713217	0.2806158	-0.06136309	-0.4217674	-0.4536103	0.7682564	0.4402259	0.04446945	-0.4410565	-0.6193981	0.9793425	0.650059	0.1970978	-0.3726204	-0.7836138	-0.6762972	0.8911933	0.4098501	-0.213567	-0.8529083	-0.8671035	1.159832	0.6776312	0.04083621	-0.8108038	-1.122249	-0.926424	0.959342	0.3270473	-0.5976357	-1.316191	-1.163506	1.301214	0.6661077	-0.2473155	-1.291601	-1.468526	-1.231614	1.00411	0.1844062	-1.100839	-1.769607	-1.490992	1.419689	0.6146958	-0.6558675	-1.838907	-1.828334	-1.595172


# Torque coefficient

0.01587996	0.03298191	0.04121504	0.03377906	0.01513588	-0.01072066	0.03734641	0.04802952	0.03703028	0.01267074	-0.0206803	0.03678411	0.05402607	0.04274523	0.014352	-0.02507337	-0.0640293	0.05789404	0.04995332	0.02028567	-0.02317428	-0.07074435	0.05632657	0.05648088	0.02944824	-0.01598925	-0.07024118	-0.1214155	0.05811174	0.03986893	-0.00321073	-0.06660683	-0.128535	0.04844726	0.04856186	0.01255217	-0.0541792	-0.1251601	-0.2014993	0.04914074	0.0280288	-0.03306041	-0.1087576	-0.2026768	0.03695073	0.03955878	-0.007662787	-0.0957201	-0.1938821	-0.3045792	0.03903453	0.01498612	-0.06913427	-0.1651592	-0.2976465	0.02651287	0.03069189	-0.03573865	-0.135413	-0.2778276	-0.4334913	0.03091246	-0.0009056195	-0.1117475	-0.2401485	-0.4155401	0.01751378	0.02147233	-0.06709185	-0.1878961	-0.3801191
0.0175464	0.03402531	0.0411872	0.03264505	0.01332896	-0.01295374	0.0387993	0.04785689	0.03549626	0.01030967	-0.02332645	0.03883004	0.05400221	0.04101276	0.01169511	-0.02858321	-0.06630268	0.05838693	0.04819069	0.01741312	-0.02724545	-0.0744519	0.05818025	0.05512616	0.02670991	-0.02014447	-0.07384667	-0.1252049	0.0579262	0.03746761	-0.007898032	-0.07035808	-0.1323411	0.04956751	0.0468087	0.00859668	-0.06063893	-0.1317258	-0.2074981	0.04928813	0.02479562	-0.03911585	-0.114235	-0.2099609	0.03840569	0.03755613	-0.01420155	-0.1004994	-0.2020836	-0.3135975	0.03966855	0.01049158	-0.07789709	-0.1764129	-0.3078393	0.02813428	0.0282297	-0.04325618	-0.1424228	-0.2892071	0.007864047	0.03163099	-0.006909654	-0.1194178	-0.2547485	-0.4296019	0.01954041	0.01818097	-0.07658183	-0.1995291	-0.3965925
0.01917015	0.03502649	0.04104095	0.03146252	0.0115108	-0.01519812	0.04019358	0.04759124	0.03395033	0.007894024	-0.02579952	0.04083846	0.05384279	0.03923735	0.008907404	-0.03184294	-0.06832576	0.05863898	0.0463233	0.01454061	-0.03145226	-0.07803955	0.05928113	0.05361158	0.02389684	-0.02432492	-0.07836664	-0.129036	0.05755105	0.03482464	-0.01244374	-0.07431148	-0.1368234	0.05069752	0.0448759	0.004685299	-0.06646848	-0.1381382	-0.2135471	0.0490444	0.02137514	-0.04520423	-0.1209669	-0.2172698	0.03957573	0.03526704	-0.02086158	-0.1056169	-0.209627	0.02253193	0.03995945	0.005743619	-0.08688214	-0.1877527	-0.318159	0.02961059	0.02537215	-0.05111028	-0.1512708	-0.3006136	0.0110557	0.03192452	-0.01367637	-0.1268217	-0.2692044	-0.4437005	0.02137033	0.01436038	-0.08675397	-0.2102639	-0.4123273
0.02071359	0.0359989	0.04082355	0.03022415	0.009689494	-0.01739278	0.04152827	0.04722828	0.03234459	0.005385763	-0.02831714	0.04276689	0.05354534	0.03733533	0.005985081	-0.03483723	-0.07013708	0.05865764	0.04434934	0.01170555	-0.03568184	-0.08133912	0.06002445	0.05194754	0.02100605	-0.02866288	-0.0832511	-0.1328921	0.05691075	0.03207598	-0.01698471	-0.0785903	-0.1416303	0.05182871	0.04277056	0.0004258616	-0.07168997	-0.1439584	0.0374113	0.04844617	0.01773655	-0.05175681	-0.1297416	-0.2245389	0.04067433	0.03270709	-0.02704933	-0.1111018	-0.2176431	0.02476965	0.03972949	0.0008088953	-0.09422574	-0.1987048	-0.3285829	0.03096037	0.02211544	-0.05901058	-0.1606977	-0.312185	0.01394503	0.03175845	-0.02166993	-0.1328776	-0.2818019	-0.4580911	0.02302305	0.009904267	-0.09806863	-0.2240157	-0.4269363
0.02212916	0.03693391	0.04048163	0.0288924	0.007764829	-0.01944277	0.04278564	0.04675487	0.03064933	0.002882156	-0.0307675	0.04461599	0.05312477	0.03536803	0.002987106	-0.03771405	-0.0719623	0.05846353	0.04228224	0.008668149	-0.0395732	-0.08433888	0.06045733	0.05016033	0.01782167	-0.03338344	-0.08805992	0.05329769	0.05596212	0.02921036	-0.02162945	-0.08291732	-0.1464282	0.05289607	0.04049033	-0.004601134	-0.07605707	-0.1492417	0.03878522	0.04752345	0.01373693	-0.05875687	-0.1380445	-0.2317821	0.04168937	0.02987161	-0.03337908	-0.1169275	-0.2262325	0.0269978	0.03897796	-0.004478749	-0.1009359	-0.2095266	-0.3391258	0.03219157	0.01846326	-0.06743381	-0.1692145	-0.3239502	0.01646886	0.03091203	-0.03035542	-0.1394102	-0.2951396	-0.4725046	0.02449807	0.004817518	-0.1090111	-0.2414242	-0.4442631
0.0234514	0.03779057	0.04009594	0.02754418	0.005820249	-0.02139041	0.04395051	0.04615486	0.02893835	0.0004084494	-0.03311603	0.04636503	0.05254922	0.03331025	4.672987e-05	-0.04052357	0.04289168	0.05809891	0.04013937	0.005442155	-0.04308419	-0.0868993	0.06061463	0.04825032	0.01452047	-0.03824205	-0.09265655	0.05447215	0.05480608	0.0262226	-0.02640618	-0.0868331	-0.1512378	0.0536874	0.03803891	-0.009924468	-0.08014446	-0.1545185	0.04020541	0.04630689	0.009531377	-0.06603323	-0.1461559	-0.2390456	0.04261985	0.02679906	-0.03998507	-0.1231142	-0.2349359	0.02905194	0.03775859	-0.01046839	-0.1066153	-0.2196747	-0.3497113	0.03330218	0.01442628	-0.07624729	-0.1809411	-0.3359041	0.01876483	0.02943569	-0.0387666	-0.1466095	-0.3074748	-0.4869962	0.02578562	-0.0007500715	-0.1192329	-0.2584428	-0.4588958
0.02474696	0.0385697	0.03961479	0.02617355	0.003878848	0.02607793	0.04499885	0.04541037	0.02712528	-0.002072246	-0.03564959	0.04801394	0.05181171	0.03118789	-0.002912641	-0.0433612	0.04534	0.05763519	0.03790991	0.001972706	-0.04647988	-0.08919629	0.06065511	0.04621488	0.01123176	-0.04325702	-0.09700654	0.05554697	0.05347502	0.02310858	-0.03114133	-0.09214746	-0.1560917	0.05413553	0.03543345	-0.01510769	-0.08448836	-0.1596794	0.04159947	0.04482831	0.005285967	-0.07291923	-0.1540031	-0.2463784	0.04347601	0.02347952	-0.04663441	-0.1298783	-0.2434921	0.03082758	0.03611559	-0.01765285	-0.1116981	-0.2296496	-0.3603187	0.0342991	0.009814333	-0.08586445	-0.1938473	-0.3470752	0.02085764	0.02739445	-0.04673183	-0.1545821	-0.3200154	-0.5015406	0.02688413	-0.007090114	-0.1277432	-0.2752183	-0.4750275
0.02599775	0.03924898	0.03904535	0.02473176	0.001915689	0.02781472	0.04591455	0.04453001	0.02526867	-0.004567199	-0.03818748	0.04956127	0.05090183	0.02898344	-0.005864129	-0.04628014	0.04767702	0.0570306	0.0356009	-0.001576753	-0.04964345	-0.09162159	0.06044291	0.04408009	0.00795071	-0.04782723	-0.1009475	0.05649265	0.05194089	0.01985265	-0.03623579	-0.09814269	-0.1610112	0.05419312	0.03267112	-0.02018586	-0.08925617	-0.165233	0.0429678	0.0431022	0.0008959215	-0.07900503	-0.1616035	-0.2537865	0.04412524	0.01991175	-0.05365352	-0.1377442	-0.2519356	0.03232475	0.03409189	-0.02496881	-0.1174589	-0.2387797	-0.3709847	0.03516248	0.004871266	-0.0953628	-0.2067934	-0.3600374	0.02275573	0.02484255	-0.0551378	-0.1640574	-0.3332677	0.0003833352	0.02774089	-0.01426009	-0.1352974	-0.2903809	-0.4913192
0.02721828	0.0398205	0.0383702	0.02322836	-9.477673e-05	0.02954718	0.04669758	0.043518	0.02334896	-0.007104111	-0.04069043	0.05097646	0.0498611	0.02671049	-0.008748424	-0.04930758	0.04994113	0.05633628	0.03321873	-0.005079457	-0.05285288	-0.09432057	0.06015775	0.04185572	0.004285221	-0.0519124	-0.1045045	0.05716233	0.05025773	0.01637938	-0.04168317	-0.1040669	-0.1659142	0.05388347	0.02975764	-0.02538566	-0.09413146	-0.1711969	0.04434893	0.0411384	-0.004014938	-0.08414762	-0.1686665	-0.2607715	0.04441435	0.01606236	-0.06093742	-0.1477024	-0.2604109	0.03370737	0.03169736	-0.03176912	-0.1235253	-0.2480158	0.01520558	0.03569286	-0.0003882346	-0.1034277	-0.219589	-0.3722338	0.02449247	0.02179466	-0.06358229	-0.1746351	-0.3466785	0.004004274	0.02816377	-0.02225886	-0.1428654	-0.306978	-0.5076805
0.028411	0.04026813	0.03762373	0.02169027	-0.002143376	0.03123129	0.04735588	0.04238293	0.02132745	-0.009701286	-0.04317356	0.05226858	0.04861324	0.02437058	-0.0116862	-0.05228515	0.05213957	0.05542723	0.03077031	-0.008598004	-0.05620015	-0.09717271	0.05978169	0.03956081	0.0001915707	-0.05568542	-0.1076122	0.0576134	0.04848326	0.01275987	-0.04731837	-0.1096817	-0.1709063	0.05327739	0.02668833	-0.03073958	-0.09883381	-0.1772487	0.0456779	0.03893964	-0.00981645	-0.08860412	-0.1753666	0.02990411	0.04422498	0.01177154	-0.06884942	-0.1573101	-0.2690131	0.03496806	0.02898144	-0.03877439	-0.130041	-0.2580943	0.01796024	0.03583242	-0.006037083	-0.1105813	-0.2323989	-0.3845816	0.02606848	0.01825162	-0.07259677	-0.1849459	-0.3602627	0.00724472	0.02813492	-0.03147753	-0.1497452	-0.3229024	-0.5240589
0.02959151	0.04062158	0.03675891	0.02014826	-0.004240784	0.03283502	0.04786295	0.04115851	0.01928396	-0.01236366	-0.0455497	0.05324315	0.04728828	0.02195003	-0.01473956	-0.05559516	0.05429606	0.05433215	0.02825574	-0.01211057	-0.05937514	-0.1000079	0.05922907	0.03713868	-0.00391795	-0.05920145	-0.1105587	0.05791074	0.04651121	0.009152081	-0.05293903	-0.1150252	0.04539345	0.05245671	0.02345028	-0.03613291	-0.1037678	-0.1833036	0.04673552	0.03652053	-0.01582523	-0.09323917	-0.1815866	0.03166004	0.04360368	0.007279254	-0.07699741	-0.1668825	-0.2778054	0.03613277	0.02596368	-0.04608576	-0.1374729	-0.2674471	0.0205153	0.03537605	-0.01244391	-0.1168911	-0.2445157	-0.3969723	0.02749517	0.01425806	-0.0821851	-0.1957795	-0.3739514	0.01016511	0.02754723	-0.04070872	-0.1576778	-0.3373334	-0.5405246
0.03076712	0.04090142	0.03582123	0.01854334	-0.006370482	0.03439266	0.04807686	0.03985124	0.01716931	-0.01513707	-0.04767937	0.05368417	0.04589603	0.01944962	-0.01804979	-0.05862984	0.05617394	0.05301208	0.02567874	-0.01569518	-0.06293172	0.0504423	0.058515	0.03463127	-0.00793211	-0.06273811	-0.1139864	0.05809413	0.04442281	0.00554296	-0.0580425	-0.1198885	0.04640465	0.05134081	0.020062	-0.04176304	-0.111118	-0.1893831	0.04765077	0.03389368	-0.02152863	-0.09821641	-0.1882055	0.03341086	0.04260097	0.00270007	-0.08422996	-0.1767581	-0.2866665	0.03719846	0.02262872	-0.05335196	-0.1456611	-0.277454	0.02279074	0.03432755	-0.02011355	-0.1226415	-0.2564203	-0.4084385	0.02877752	0.009654431	-0.0925734	-0.2104291	-0.3877045	0.01284128	0.02618815	-0.04921694	-0.1659826	-0.3510464	-0.5570537
0.03189568	0.04112448	0.03483039	0.01686516	-0.008507822	0.03588312	0.04812714	0.03847962	0.01496589	-0.01794152	0.03472645	0.0539197	0.04434706	0.01691032	-0.02153315	-0.06136282	0.05723681	0.05156144	0.02302935	-0.01934954	-0.06683007	0.05356973	0.05762668	0.03211685	-0.01195013	-0.06646634	-0.1176593	0.0581706	0.04224172	0.001434803	-0.06258105	-0.1244825	0.04741425	0.05001975	0.01642915	-0.04783421	-0.1182875	-0.1954477	0.04857961	0.03106534	-0.02720113	-0.1034149	-0.1954353	0.03526546	0.04124463	-0.002170175	-0.09050304	-0.1859404	-0.2955929	0.03816241	0.01897673	-0.06110239	-0.1538019	-0.2874971	0.02472806	0.03274257	-0.02812723	-0.128794	-0.2672741	-0.4209109	0.0299194	0.004592625	-0.1028475	-0.225179	-0.4016247	0.01528061	0.02414567	-0.05805499	-0.1755724	-0.3659828	-0.5735141
